function der_st_dy2 = der_stima_dy2(lambda,mu,V)
%DER_STIMA_DY2
%    DER_ST_DY2 = DER_STIMA_DY2(LAMBDA,MU,X1,X2,X3,X4,Y1,Y2,Y3,Y4,Z1,Z2,Z3,Z4)

%    This function was generated by the Symbolic Math Toolbox version 5.8.
%    02-Jun-2015 16:28:22
x1=V(1,1);
y1=V(1,2);
z1=V(1,3);

x2=V(2,1);
y2=V(2,2);
z2=V(2,3);

x3=V(3,1);
y3=V(3,2);
z3=V(3,3);

x4=V(4,1);
y4=V(4,2);
z4=V(4,3);

t2 = x2.*y3;
t3 = x4.*y2;
t4 = x3.*y4;
t53 = x3.*y2;
t54 = x2.*y4;
t55 = x4.*y3;
t5 = t2+t3+t4-t53-t54-t55;
t13 = x3.*z4;
t14 = x4.*z3;
t29 = x2.*z3;
t30 = x3.*z2;
t31 = x2.*z4;
t32 = x4.*z2;
t6 = t13-t14+t29-t30-t31+t32;
t7 = mu.*2.0;
t8 = lambda+t7;
t9 = y2.*z3;
t10 = y4.*z2;
t11 = y3.*z4;
t46 = y3.*z2;
t47 = y2.*z4;
t48 = y4.*z3;
t12 = t9+t10+t11-t46-t47-t48;
t15 = x1.*y2.*z3;
t16 = x2.*y3.*z1;
t17 = x3.*y1.*z2;
t18 = x1.*y4.*z2;
t19 = x2.*y1.*z4;
t20 = x4.*y2.*z1;
t21 = x1.*y3.*z4;
t22 = x3.*y4.*z1;
t23 = x4.*y1.*z3;
t24 = x2.*y4.*z3;
t25 = x3.*y2.*z4;
t26 = x4.*y3.*z2;
t33 = x1.*y3.*z2;
t34 = x2.*y1.*z3;
t35 = x3.*y2.*z1;
t36 = x1.*y2.*z4;
t37 = x2.*y4.*z1;
t38 = x4.*y1.*z2;
t39 = x1.*y4.*z3;
t40 = x3.*y1.*z4;
t41 = x4.*y3.*z1;
t42 = x2.*y3.*z4;
t43 = x3.*y4.*z2;
t44 = x4.*y2.*z3;
t27 = t15+t16+t17+t18+t19+t20+t21+t22+t23+t24+t25+t26-t33-t34-t35-t36-t37-t38-t39-t40-t41-t42-t43-t44;
t28 = z3-z4;
t45 = 1.0./t27;
t49 = x1.*z3;
t50 = x4.*z1;
t57 = x3.*z1;
t58 = x1.*z4;
t51 = t13-t14+t49+t50-t57-t58;
t52 = 1.0./t27.^2;
t56 = x3-x4;
t59 = x1.*y3;
t60 = x4.*y1;
t67 = x3.*y1;
t68 = x1.*y4;
t61 = t4-t55+t59+t60-t67-t68;
t62 = y1.*z3;
t63 = y4.*z1;
t65 = y3.*z1;
t66 = y1.*z4;
t64 = t11-t48+t62+t63-t65-t66;
t69 = x2.*y1;
t78 = x1.*y2;
t70 = t3-t54-t60+t68+t69-t78;
t71 = y2.*z1;
t77 = y1.*z2;
t72 = t10-t47-t63+t66+t71-t77;
t73 = x1.*z2;
t76 = x2.*z1;
t74 = t31-t32+t50-t58+t73-t76;
t75 = z1-z4;
t79 = x1-x4;
t80 = t2-t53-t59+t67-t69+t78;
t81 = t9-t46-t62+t65-t71+t77;
t82 = t29-t30-t49+t57+t73-t76;
t83 = z1-z3;
t84 = x1-x3;
t85 = lambda.*t6.*t28;
t86 = mu.*t6.*t28;
t87 = t85+t86;
t88 = t45.*t87.*(1.0./6.0);
t89 = lambda.*t6.*t12;
t90 = mu.*t6.*t12;
t91 = t89+t90;
t92 = t88-t51.*t52.*t91.*(1.0./6.0);
t93 = mu.*t5.*t56.*2.0;
t94 = t5.^2;
t95 = mu.*t94;
t96 = t12.^2;
t97 = t6.^2;
t98 = mu.*t56.*t61;
t99 = mu.*t5.*t61;
t100 = mu.*t56.*t70;
t101 = mu.*t5.*t79;
t102 = mu.*t5.*t70;
t103 = mu.*t5.*t84;
t104 = mu.*t5.*t80;
t105 = lambda.*t5.*t28;
t106 = mu.*t5.*t28;
t107 = t105+t106-lambda.*t12.*t56-mu.*t12.*t56;
t108 = lambda.*t5.*t12;
t109 = mu.*t5.*t12;
t110 = t108+t109;
t111 = t51.*t52.*t110.*(1.0./6.0);
t112 = t111-t45.*t107.*(1.0./6.0);
t113 = lambda.*t6.*t56;
t114 = mu.*t6.*t56;
t115 = t113+t114;
t116 = lambda.*t5.*t6;
t117 = mu.*t5.*t6;
t118 = t116+t117;
t119 = t45.*t115.*(-1.0./6.0)-t51.*t52.*t118.*(1.0./6.0);
t120 = mu.*t97;
t121 = mu.*t96;
t122 = mu.*t6.*t51;
t123 = mu.*t12.*t64;
t124 = mu.*t12.*t72;
t125 = mu.*t28.*t81;
t126 = mu.*t6.*t82;
t127 = mu.*t12.*t81;
t128 = t98-t8.*t28.*t64;
t129 = t8.*t12.*t64;
t130 = t99+t122+t129;
t131 = t45.*t128.*(-1.0./6.0)-t51.*t52.*t130.*(1.0./6.0);
t132 = lambda.*t6.*t64;
t133 = mu.*t12.*t51;
t134 = t132+t133;
t135 = t51.*t52.*t134.*(1.0./6.0);
t136 = t135-mu.*t28.*t45.*t51.*(1.0./6.0);
t137 = lambda.*t56.*t64;
t138 = t137-mu.*t28.*t61;
t139 = lambda.*t5.*t64;
t140 = mu.*t12.*t61;
t141 = t139+t140;
t142 = t45.*t138.*(-1.0./6.0)-t51.*t52.*t141.*(1.0./6.0);
t143 = lambda.*t12.*t51;
t144 = mu.*t6.*t64;
t145 = t143+t144;
t146 = t51.*t52.*t145.*(1.0./6.0);
t147 = t146-lambda.*t28.*t45.*t51.*(1.0./6.0);
t148 = mu.*t28.*t64;
t149 = t6.*t8.*t51;
t150 = t99+t123+t149;
t151 = lambda.*t5.*t51;
t152 = mu.*t6.*t61;
t153 = t151+t152;
t154 = t51.*t52.*t153.*(1.0./6.0);
t155 = lambda.*t45.*t51.*t56.*(1.0./6.0);
t156 = t154+t155;
t157 = lambda.*t51.*t64;
t158 = mu.*t51.*t64;
t159 = t157+t158;
t160 = t61.^2;
t161 = mu.*t160;
t162 = t64.^2;
t163 = t51.^2;
t164 = mu.*t61.*t79;
t165 = mu.*t61.*t70;
t166 = mu.*t61.*t84;
t167 = mu.*t61.*t80;
t168 = lambda.*t28.*t61;
t169 = t168-mu.*t56.*t64;
t170 = t45.*t169.*(1.0./6.0);
t171 = lambda.*t12.*t61;
t172 = mu.*t5.*t64;
t173 = t171+t172;
t174 = t170-t51.*t52.*t173.*(1.0./6.0);
t175 = lambda.*t6.*t61;
t176 = mu.*t5.*t51;
t177 = t175+t176;
t178 = t51.*t52.*t177.*(1.0./6.0);
t179 = mu.*t45.*t51.*t56.*(1.0./6.0);
t180 = t178+t179;
t181 = t148-t8.*t56.*t61;
t182 = t45.*t181.*(1.0./6.0);
t183 = t5.*t8.*t61;
t184 = t122+t123+t183;
t185 = t182-t51.*t52.*t184.*(1.0./6.0);
t186 = lambda.*t61.*t64;
t187 = mu.*t61.*t64;
t188 = t186+t187;
t189 = t51.*t52.*t188.*(1.0./6.0);
t190 = lambda.*t51.*t61;
t191 = mu.*t51.*t61;
t192 = t190+t191;
t193 = mu.*t163;
t194 = mu.*t162;
t195 = mu.*t64.*t72;
t196 = mu.*t51.*t82;
t197 = mu.*t64.*t81;
t198 = t100+t101-t8.*t12.*t75-t8.*t28.*t72;
t199 = t8.*t12.*t72;
t283 = mu.*t6.*t74;
t200 = t102+t199-t283;
t201 = t45.*t198.*(-1.0./6.0)-t51.*t52.*t200.*(1.0./6.0);
t202 = lambda.*t6.*t75;
t203 = t202-mu.*t28.*t74;
t204 = lambda.*t6.*t72;
t205 = t51.*t52.*(t204-mu.*t12.*t74).*(1.0./6.0);
t206 = t205-t45.*t203.*(1.0./6.0);
t207 = lambda.*t5.*t75;
t208 = mu.*t28.*(t3-t54-t60+t68+t69-t78);
t209 = t207+t208-lambda.*t56.*t72-mu.*t12.*t79;
t210 = t45.*t209.*(1.0./6.0);
t211 = lambda.*t5.*t72;
t212 = mu.*t12.*t70;
t213 = t211+t212;
t214 = t210-t51.*t52.*t213.*(1.0./6.0);
t215 = t164-t8.*t64.*t75;
t216 = t45.*t215.*(1.0./6.0);
t217 = t8.*t64.*t72;
t295 = mu.*t51.*t74;
t218 = t51.*t52.*(t165+t217-t295).*(1.0./6.0);
t219 = t216+t218;
t220 = lambda.*t51.*t72;
t221 = t220-mu.*t64.*t74;
t222 = lambda.*t45.*t51.*t75.*(1.0./6.0);
t223 = t222-t51.*t52.*t221.*(1.0./6.0);
t224 = lambda.*t61.*t75;
t225 = t224-mu.*t64.*t79;
t226 = lambda.*t61.*t72;
t227 = mu.*t64.*t70;
t228 = t51.*t52.*(t226+t227).*(1.0./6.0);
t229 = t228-t45.*t225.*(1.0./6.0);
t230 = t3-t54-t60+t68+t69-t78;
t231 = t10-t47-t63+t66+t71-t77;
t232 = lambda.*t28.*t74;
t233 = t232-mu.*t6.*t75;
t234 = t45.*t233.*(1.0./6.0);
t235 = lambda.*t12.*t74;
t236 = t235-mu.*t6.*t72;
t237 = t234-t51.*t52.*t236.*(1.0./6.0);
t238 = mu.*t12.*t75;
t239 = mu.*t28.*t72;
t240 = t102+t124-t6.*t8.*t74;
t241 = lambda.*t56.*t74;
t242 = t241-mu.*t6.*t79;
t243 = lambda.*t5.*t74;
t244 = t243-mu.*t6.*t70;
t245 = t45.*t242.*(-1.0./6.0)-t51.*t52.*t244.*(1.0./6.0);
t246 = lambda.*t64.*t74;
t247 = t246-mu.*t51.*t72;
t248 = t51.*t52.*t247.*(1.0./6.0);
t249 = mu.*t45.*t51.*t75.*(1.0./6.0);
t250 = t248+t249;
t251 = mu.*t64.*t75;
t252 = t51.*t52.*(t165+t195-t8.*t51.*t74).*(1.0./6.0);
t253 = lambda.*t61.*t74;
t254 = t253-mu.*t51.*t70;
t255 = t51.*t52.*t254.*(1.0./6.0);
t256 = t255-mu.*t45.*t51.*t79.*(1.0./6.0);
t257 = lambda.*t74.*t75;
t258 = mu.*t74.*t75;
t259 = t257+t258;
t260 = lambda.*t72.*t74;
t261 = mu.*t72.*t74;
t262 = t51.*t52.*(t260+t261).*(1.0./6.0);
t263 = t262-t45.*t259.*(1.0./6.0);
t264 = mu.*t70.*t79.*2.0;
t265 = t3-t54-t60+t68+t69-t78;
t266 = t10-t47-t63+t66+t71-t77;
t267 = t74.^2;
t268 = mu.*t79.*t80;
t269 = mu.*t70.*t80;
t270 = lambda.*t12.*t79;
t271 = mu.*t56.*t72;
t272 = t270+t271-lambda.*t28.*t70-mu.*t5.*t75;
t273 = lambda.*t12.*t70;
t274 = mu.*t5.*t72;
t275 = t273+t274;
t276 = t45.*t272.*(-1.0./6.0)-t51.*t52.*t275.*(1.0./6.0);
t277 = lambda.*t6.*t79;
t278 = t277-mu.*t56.*t74;
t279 = t45.*t278.*(1.0./6.0);
t280 = lambda.*t6.*t70;
t281 = t51.*t52.*(t280-mu.*t5.*t74).*(1.0./6.0);
t282 = t279+t281;
t284 = t5.*t8.*t70;
t285 = lambda.*t64.*t79;
t286 = t45.*(t285-mu.*t61.*t75).*(1.0./6.0);
t287 = lambda.*t64.*t70;
t288 = mu.*t61.*t72;
t289 = t51.*t52.*(t287+t288).*(1.0./6.0);
t290 = t286+t289;
t291 = lambda.*t51.*t70;
t292 = t291-mu.*t61.*t74;
t293 = t51.*t52.*t292.*(-1.0./6.0)-lambda.*t45.*t51.*t79.*(1.0./6.0);
t294 = t251-t8.*t61.*t79;
t296 = t8.*t61.*t70;
t297 = lambda.*t79.*(t10-t47-t63+t66+t71-t77);
t298 = mu.*t79.*(t10-t47-t63+t66+t71-t77);
t299 = t297+t298-lambda.*t70.*t75-mu.*t70.*t75;
t300 = t45.*t299.*(1.0./6.0);
t301 = lambda.*(t3-t54-t60+t68+t69-t78).*(t10-t47-t63+t66+t71-t77);
t302 = mu.*(t3-t54-t60+t68+t69-t78).*(t10-t47-t63+t66+t71-t77);
t303 = t301+t302;
t304 = t51.*t52.*t303.*(1.0./6.0);
t305 = t300+t304;
t306 = lambda.*t74.*t79;
t307 = mu.*t74.*t79;
t308 = t306+t307;
