function der_st_dz3 = der_stima_dz3(lambda,mu,V)
%DER_STIMA_DZ3
%    DER_ST_DZ3 = DER_STIMA_DZ3(LAMBDA,MU,X1,X2,X3,X4,Y1,Y2,Y3,Y4,Z1,Z2,Z3,Z4)

%    This function was generated by the Symbolic Math Toolbox version 5.8.
%    02-Jun-2015 16:44:13
x1=V(1,1);
y1=V(1,2);
z1=V(1,3);

x2=V(2,1);
y2=V(2,2);
z2=V(2,3);

x3=V(3,1);
y3=V(3,2);
z3=V(3,3);

x4=V(4,1);
y4=V(4,2);
z4=V(4,3);
t13 = x2.*y4;
t14 = x4.*y2;
t53 = x2.*y3;
t54 = x3.*y2;
t55 = x3.*y4;
t56 = x4.*y3;
t2 = -t13+t14+t53-t54+t55-t56;
t3 = x2.*z3;
t4 = x4.*z2;
t5 = x3.*z4;
t29 = x3.*z2;
t30 = x2.*z4;
t31 = x4.*z3;
t6 = t3+t4+t5-t29-t30-t31;
t7 = mu.*2.0;
t8 = lambda+t7;
t9 = y2.*z3;
t10 = y4.*z2;
t11 = y3.*z4;
t33 = y3.*z2;
t34 = y2.*z4;
t35 = y4.*z3;
t12 = t9+t10+t11-t33-t34-t35;
t15 = x1.*y2.*z3;
t16 = x2.*y3.*z1;
t17 = x3.*y1.*z2;
t18 = x1.*y4.*z2;
t19 = x2.*y1.*z4;
t20 = x4.*y2.*z1;
t21 = x1.*y3.*z4;
t22 = x3.*y4.*z1;
t23 = x4.*y1.*z3;
t24 = x2.*y4.*z3;
t25 = x3.*y2.*z4;
t26 = x4.*y3.*z2;
t36 = x1.*y3.*z2;
t37 = x2.*y1.*z3;
t38 = x3.*y2.*z1;
t39 = x1.*y2.*z4;
t40 = x2.*y4.*z1;
t41 = x4.*y1.*z2;
t42 = x1.*y4.*z3;
t43 = x3.*y1.*z4;
t44 = x4.*y3.*z1;
t45 = x2.*y3.*z4;
t46 = x3.*y4.*z2;
t47 = x4.*y2.*z3;
t27 = t15+t16+t17+t18+t19+t20+t21+t22+t23+t24+t25+t26-t36-t37-t38-t39-t40-t41-t42-t43-t44-t45-t46-t47;
t28 = y2-y4;
t32 = x2-x4;
t48 = 1.0./t27;
t49 = x1.*y2;
t50 = x4.*y1;
t57 = x2.*y1;
t58 = x1.*y4;
t51 = t13-t14+t49+t50-t57-t58;
t52 = 1.0./t27.^2;
t59 = x1.*z3;
t60 = x4.*z1;
t65 = x3.*z1;
t66 = x1.*z4;
t61 = t5-t31+t59+t60-t65-t66;
t62 = y1.*z3;
t63 = y4.*z1;
t69 = y3.*z1;
t70 = y1.*z4;
t64 = t11-t35+t62+t63-t69-t70;
t67 = y1-y4;
t68 = x1-x4;
t71 = x1.*y3;
t73 = x3.*y1;
t72 = t50+t55-t56-t58+t71-t73;
t74 = x2.*z1;
t78 = x1.*z2;
t75 = t4-t30-t60+t66+t74-t78;
t76 = y2.*z1;
t79 = y1.*z2;
t77 = t10-t34-t63+t70+t76-t79;
t80 = t3-t29-t59+t65-t74+t78;
t81 = t9-t33-t62+t69-t76+t79;
t82 = y1-y2;
t83 = x1-x2;
t84 = t49+t53-t54-t57-t71+t73;
t85 = lambda.*t6.*t28;
t86 = mu.*t6.*t28;
t87 = lambda.*t12.*t32;
t88 = mu.*t12.*t32;
t89 = t85+t86+t87+t88;
t90 = t48.*t89.*(1.0./6.0);
t91 = lambda.*t6.*t12;
t92 = mu.*t6.*t12;
t93 = t91+t92;
t94 = t90-t51.*t52.*t93.*(1.0./6.0);
t95 = t2.^2;
t96 = mu.*t95;
t97 = t12.^2;
t98 = t6.^2;
t99 = mu.*t2.*t72;
t100 = mu.*t2.*t84;
t101 = lambda.*t2.*t28;
t102 = mu.*t2.*t28;
t103 = t101+t102;
t104 = lambda.*t2.*t12;
t105 = mu.*t2.*t12;
t106 = t104+t105;
t107 = t51.*t52.*t106.*(1.0./6.0);
t108 = t107-t48.*t103.*(1.0./6.0);
t109 = lambda.*t2.*t32;
t110 = mu.*t2.*t32;
t111 = t109+t110;
t112 = t48.*t111.*(1.0./6.0);
t113 = lambda.*t2.*t6;
t114 = mu.*t2.*t6;
t115 = t113+t114;
t116 = t112-t51.*t52.*t115.*(1.0./6.0);
t117 = mu.*t6.*t32.*2.0;
t118 = mu.*t12.*t28.*2.0;
t119 = mu.*t98;
t120 = mu.*t97;
t121 = mu.*t32.*t61;
t122 = mu.*t6.*t68;
t123 = mu.*t28.*t64;
t124 = mu.*t12.*t67;
t125 = mu.*t6.*t61;
t126 = mu.*t12.*t64;
t127 = mu.*t32.*t75;
t128 = mu.*t28.*t77;
t129 = mu.*t6.*t75;
t130 = mu.*t12.*t77;
t131 = mu.*t6.*t83;
t132 = mu.*t12.*t82;
t133 = mu.*t6.*t80;
t134 = mu.*t12.*t81;
t135 = t8.*t28.*t64;
t136 = t8.*t12.*t67;
t137 = t121+t122+t135+t136;
t138 = t48.*t137.*(1.0./6.0);
t139 = t8.*t12.*t64;
t140 = t99+t125+t139;
t141 = t138-t51.*t52.*t140.*(1.0./6.0);
t142 = lambda.*t6.*t67;
t143 = mu.*t28.*t61;
t144 = lambda.*t32.*t64;
t145 = mu.*t12.*t68;
t146 = t142+t143+t144+t145;
t147 = lambda.*t6.*t64;
t148 = mu.*t12.*t61;
t149 = t147+t148;
t150 = t51.*t52.*t149.*(1.0./6.0);
t151 = t150-t48.*t146.*(1.0./6.0);
t152 = lambda.*t2.*t67;
t153 = mu.*t28.*t72;
t154 = t152+t153;
t155 = t48.*t154.*(1.0./6.0);
t156 = lambda.*t2.*t64;
t157 = mu.*t12.*t72;
t158 = t156+t157;
t159 = t155-t51.*t52.*t158.*(1.0./6.0);
t160 = lambda.*t28.*t61;
t161 = mu.*t6.*t67;
t162 = lambda.*t12.*t68;
t163 = mu.*t32.*t64;
t164 = t160+t161+t162+t163;
t165 = lambda.*t12.*t61;
t166 = mu.*t6.*t64;
t167 = t165+t166;
t168 = t51.*t52.*t167.*(1.0./6.0);
t169 = t168-t48.*t164.*(1.0./6.0);
t170 = t8.*t32.*t61;
t171 = t6.*t8.*t68;
t172 = t123+t124+t170+t171;
t173 = t48.*t172.*(1.0./6.0);
t174 = t6.*t8.*t61;
t175 = t99+t126+t174;
t176 = t173-t51.*t52.*t175.*(1.0./6.0);
t177 = lambda.*t2.*t68;
t178 = mu.*t32.*t72;
t179 = t177+t178;
t180 = lambda.*t2.*t61;
t181 = mu.*t6.*t72;
t182 = t180+t181;
t183 = t51.*t52.*t182.*(1.0./6.0);
t184 = t183-t48.*t179.*(1.0./6.0);
t185 = lambda.*t61.*t67;
t186 = mu.*t61.*t67;
t187 = lambda.*t64.*t68;
t188 = mu.*t64.*t68;
t189 = t185+t186+t187+t188;
t190 = t48.*t189.*(1.0./6.0);
t191 = lambda.*t61.*t64;
t192 = mu.*t61.*t64;
t193 = t191+t192;
t194 = t190-t51.*t52.*t193.*(1.0./6.0);
t195 = t72.^2;
t196 = mu.*t195;
t197 = t64.^2;
t198 = t61.^2;
t199 = mu.*t72.*t84;
t200 = lambda.*t28.*t72;
t201 = mu.*t2.*t67;
t202 = t200+t201;
t203 = t48.*t202.*(1.0./6.0);
t204 = lambda.*t12.*t72;
t205 = mu.*t2.*t64;
t206 = t204+t205;
t207 = t203-t51.*t52.*t206.*(1.0./6.0);
t208 = lambda.*t32.*t72;
t209 = mu.*t2.*t68;
t210 = t208+t209;
t211 = lambda.*t6.*t72;
t212 = mu.*t2.*t61;
t213 = t211+t212;
t214 = t51.*t52.*t213.*(1.0./6.0);
t215 = t214-t48.*t210.*(1.0./6.0);
t216 = t121+t122+t123+t124;
t217 = t48.*t216.*(1.0./6.0);
t218 = t2.*t8.*t72;
t219 = t125+t126+t218;
t220 = t217-t51.*t52.*t219.*(1.0./6.0);
t221 = lambda.*t67.*t72;
t222 = mu.*t67.*t72;
t223 = t221+t222;
t224 = lambda.*t64.*t72;
t225 = mu.*t64.*t72;
t226 = t224+t225;
t227 = t51.*t52.*t226.*(1.0./6.0);
t228 = t227-t48.*t223.*(1.0./6.0);
t229 = lambda.*t68.*t72;
t230 = mu.*t68.*t72;
t231 = t229+t230;
t232 = t48.*t231.*(1.0./6.0);
t233 = lambda.*t61.*t72;
t234 = mu.*t61.*t72;
t235 = t233+t234;
t236 = t232-t51.*t52.*t235.*(1.0./6.0);
t237 = mu.*t61.*t68.*2.0;
t238 = mu.*t64.*t67.*2.0;
t239 = mu.*t198;
t240 = mu.*t197;
t241 = mu.*t68.*t75;
t242 = mu.*t67.*t77;
t243 = mu.*t61.*t75;
t244 = mu.*t64.*t77;
t245 = mu.*t61.*t83;
t246 = mu.*t64.*t82;
t247 = mu.*t61.*t80;
t248 = mu.*t64.*t81;
t249 = t8.*t28.*t77;
t250 = t48.*(t127+t249).*(1.0./6.0);
t251 = t8.*t12.*t77;
t291 = mu.*t2.*t51;
t252 = t129+t251-t291;
t253 = t250-t51.*t52.*t252.*(1.0./6.0);
t254 = mu.*t28.*t75;
t255 = lambda.*t32.*t77;
t256 = t254+t255;
t257 = lambda.*t6.*t77;
t258 = mu.*t12.*t75;
t259 = t51.*t52.*(t257+t258).*(1.0./6.0);
t260 = t259-t48.*t256.*(1.0./6.0);
t261 = lambda.*t2.*t77;
t262 = t261-mu.*t12.*t51;
t263 = t51.*t52.*t262.*(-1.0./6.0)-mu.*t28.*t48.*t51.*(1.0./6.0);
t264 = t8.*t67.*t77;
t265 = t241+t264;
t266 = t8.*t64.*t77;
t306 = mu.*t51.*t72;
t267 = t51.*t52.*(t243+t266-t306).*(1.0./6.0);
t268 = t267-t48.*t265.*(1.0./6.0);
t269 = mu.*t67.*t75;
t270 = lambda.*t68.*t77;
t271 = t48.*(t269+t270).*(1.0./6.0);
t272 = lambda.*t61.*t77;
t273 = mu.*t64.*t75;
t274 = t272+t273;
t275 = t271-t51.*t52.*t274.*(1.0./6.0);
t276 = lambda.*t72.*t77;
t277 = t51.*t52.*(t276-mu.*t51.*t64).*(1.0./6.0);
t278 = mu.*t48.*t51.*t67.*(1.0./6.0);
t279 = t277+t278;
t280 = t4-t30-t60+t66+t74-t78;
t281 = t10-t34-t63+t70+t76-t79;
t282 = lambda.*t28.*t75;
t283 = mu.*t32.*t77;
t284 = t282+t283;
t285 = lambda.*t12.*t75;
t286 = mu.*t6.*t77;
t287 = t51.*t52.*(t285+t286).*(1.0./6.0);
t288 = t287-t48.*t284.*(1.0./6.0);
t289 = t8.*t32.*t75;
t290 = t48.*(t128+t289).*(1.0./6.0);
t292 = t6.*t8.*t75;
t293 = lambda.*t2.*t75;
t294 = t51.*t52.*(t293-mu.*t6.*t51).*(1.0./6.0);
t295 = mu.*t32.*t48.*t51.*(1.0./6.0);
t296 = t294+t295;
t297 = lambda.*t67.*t75;
t298 = mu.*t68.*t77;
t299 = t48.*(t297+t298).*(1.0./6.0);
t300 = lambda.*t64.*t75;
t301 = mu.*t61.*t77;
t302 = t300+t301;
t303 = t299-t51.*t52.*t302.*(1.0./6.0);
t304 = t8.*t68.*t75;
t305 = t242+t304;
t307 = t8.*t61.*t75;
t308 = lambda.*t72.*t75;
t309 = t308-mu.*t51.*t61;
t310 = t51.*t52.*t309.*(-1.0./6.0)-mu.*t48.*t51.*t68.*(1.0./6.0);
t311 = lambda.*t75.*t77;
t312 = mu.*t75.*t77;
t313 = t311+t312;
t314 = t51.^2;
t315 = mu.*t314;
t316 = t10-t34-t63+t70+t76-t79;
t317 = t4-t30-t60+t66+t74-t78;
t318 = lambda.*t12.*t51;
t319 = t318-mu.*t2.*t77;
t320 = t51.*t52.*t319.*(1.0./6.0);
t321 = t320-lambda.*t28.*t48.*t51.*(1.0./6.0);
t322 = lambda.*t6.*t51;
t323 = t322-mu.*t2.*t75;
t324 = lambda.*t32.*t48.*t51.*(1.0./6.0);
t325 = t324-t51.*t52.*t323.*(1.0./6.0);
