function der_st_dx3 = der_stima_dx3(lambda,mu,V)
%DER_STIMA_DX3
%    DER_ST_DX3 = DER_STIMA_DX3(LAMBDA,MU,X1,X2,X3,X4,Y1,Y2,Y3,Y4,Z1,Z2,Z3,Z4)

%    This function was generated by the Symbolic Math Toolbox version 5.8.
%    02-Jun-2015 16:20:31
x1=V(1,1);
y1=V(1,2);
z1=V(1,3);

x2=V(2,1);
y2=V(2,2);
z2=V(2,3);

x3=V(3,1);
y3=V(3,2);
z3=V(3,3);

x4=V(4,1);
y4=V(4,2);
z4=V(4,3);

t2 = x2.*y3;
t3 = x4.*y2;
t4 = x3.*y4;
t52 = x3.*y2;
t53 = x2.*y4;
t54 = x4.*y3;
t5 = t2+t3+t4-t52-t53-t54;
t6 = x2.*z3;
t7 = x4.*z2;
t8 = x3.*z4;
t44 = x3.*z2;
t45 = x2.*z4;
t46 = x4.*z3;
t9 = t6+t7+t8-t44-t45-t46;
t11 = y2.*z4;
t12 = y4.*z2;
t27 = y2.*z3;
t28 = y3.*z2;
t29 = y3.*z4;
t30 = y4.*z3;
t10 = -t11+t12+t27-t28+t29-t30;
t13 = x1.*y2.*z3;
t14 = x2.*y3.*z1;
t15 = x3.*y1.*z2;
t16 = x1.*y4.*z2;
t17 = x2.*y1.*z4;
t18 = x4.*y2.*z1;
t19 = x1.*y3.*z4;
t20 = x3.*y4.*z1;
t21 = x4.*y1.*z3;
t22 = x2.*y4.*z3;
t23 = x3.*y2.*z4;
t24 = x4.*y3.*z2;
t31 = x1.*y3.*z2;
t32 = x2.*y1.*z3;
t33 = x3.*y2.*z1;
t34 = x1.*y2.*z4;
t35 = x2.*y4.*z1;
t36 = x4.*y1.*z2;
t37 = x1.*y4.*z3;
t38 = x3.*y1.*z4;
t39 = x4.*y3.*z1;
t40 = x2.*y3.*z4;
t41 = x3.*y4.*z2;
t42 = x4.*y2.*z3;
t25 = t13+t14+t15+t16+t17+t18+t19+t20+t21+t22+t23+t24-t31-t32-t33-t34-t35-t36-t37-t38-t39-t40-t41-t42;
t26 = z2-z4;
t43 = 1.0./t25;
t47 = y1.*z2;
t48 = y4.*z1;
t55 = y2.*z1;
t56 = y1.*z4;
t49 = t11-t12+t47+t48-t55-t56;
t50 = 1.0./t25.^2;
t51 = y2-y4;
t57 = x1.*y3;
t58 = x4.*y1;
t72 = x3.*y1;
t73 = x1.*y4;
t59 = t4-t54+t57+t58-t72-t73;
t60 = x1.*z3;
t61 = x4.*z1;
t68 = x3.*z1;
t69 = x1.*z4;
t62 = t8-t46+t60+t61-t68-t69;
t63 = mu.*2.0;
t64 = lambda+t63;
t65 = z1-z4;
t66 = y1.*z3;
t70 = y3.*z1;
t67 = t29-t30+t48-t56+t66-t70;
t71 = y1-y4;
t74 = x2.*y1;
t79 = x1.*y2;
t75 = t3-t53-t58+t73+t74-t79;
t76 = x2.*z1;
t78 = x1.*z2;
t77 = t7-t45-t61+t69+t76-t78;
t80 = t2-t52-t57+t72-t74+t79;
t81 = t6-t44-t60+t68-t76+t78;
t82 = z1-z2;
t83 = t27-t28+t47-t55-t66+t70;
t84 = y1-y2;
t85 = lambda.*t10.*t26;
t86 = mu.*t10.*t26;
t87 = t85+t86;
t88 = lambda.*t9.*t10;
t89 = mu.*t9.*t10;
t90 = t88+t89;
t91 = t43.*t87.*(-1.0./6.0)-t49.*t50.*t90.*(1.0./6.0);
t92 = mu.*t5.*t51.*2.0;
t93 = t5.^2;
t94 = mu.*t93;
t95 = t10.^2;
t96 = t9.^2;
t97 = mu.*t51.*t59;
t98 = mu.*t5.*t71;
t99 = mu.*t5.*t59;
t100 = mu.*t51.*t75;
t101 = mu.*t5.*t75;
t102 = mu.*t5.*t84;
t103 = mu.*t5.*t80;
t104 = lambda.*t10.*t51;
t105 = mu.*t10.*t51;
t106 = t104+t105;
t107 = t43.*t106.*(1.0./6.0);
t108 = lambda.*t5.*t10;
t109 = mu.*t5.*t10;
t110 = t108+t109;
t111 = t49.*t50.*t110.*(1.0./6.0);
t112 = t107+t111;
t113 = lambda.*t5.*t26;
t114 = mu.*t5.*t26;
t115 = lambda.*t9.*t51;
t116 = mu.*t9.*t51;
t117 = t113+t114+t115+t116;
t118 = lambda.*t5.*t9;
t119 = mu.*t5.*t9;
t120 = t118+t119;
t121 = t43.*t117.*(-1.0./6.0)-t49.*t50.*t120.*(1.0./6.0);
t122 = mu.*t9.*t26.*2.0;
t123 = mu.*t96;
t124 = mu.*t95;
t125 = mu.*t26.*t62;
t126 = mu.*t9.*t65;
t127 = mu.*t9.*t62;
t128 = mu.*t10.*t67;
t129 = mu.*t26.*t77;
t130 = mu.*t9.*t77;
t131 = mu.*t9.*t82;
t132 = mu.*t9.*t81;
t133 = mu.*t10.*t83;
t134 = t97+t98+t125+t126;
t135 = t10.*t64.*t67;
t136 = t99+t127+t135;
t137 = t43.*t134.*(-1.0./6.0)-t49.*t50.*t136.*(1.0./6.0);
t138 = lambda.*t26.*t67;
t139 = mu.*t10.*t65;
t140 = t138+t139;
t141 = t43.*t140.*(1.0./6.0);
t142 = lambda.*t9.*t67;
t143 = mu.*t10.*t62;
t144 = t142+t143;
t145 = t49.*t50.*t144.*(1.0./6.0);
t146 = t141+t145;
t147 = lambda.*t51.*t67;
t148 = mu.*t10.*t71;
t149 = t147+t148;
t150 = lambda.*t5.*t67;
t151 = mu.*t10.*t59;
t152 = t150+t151;
t153 = t43.*t149.*(-1.0./6.0)-t49.*t50.*t152.*(1.0./6.0);
t154 = lambda.*t10.*t65;
t155 = mu.*t26.*t67;
t156 = t154+t155;
t157 = t43.*t156.*(1.0./6.0);
t158 = lambda.*t10.*t62;
t159 = mu.*t9.*t67;
t160 = t158+t159;
t161 = t49.*t50.*t160.*(1.0./6.0);
t162 = t157+t161;
t163 = t26.*t62.*t64;
t164 = t9.*t64.*t65;
t165 = t97+t98+t163+t164;
t166 = t9.*t62.*t64;
t167 = t99+t128+t166;
t168 = t43.*t165.*(-1.0./6.0)-t49.*t50.*t167.*(1.0./6.0);
t169 = lambda.*t5.*t65;
t170 = mu.*t26.*t59;
t171 = lambda.*t51.*t62;
t172 = mu.*t9.*t71;
t173 = t169+t170+t171+t172;
t174 = t43.*t173.*(1.0./6.0);
t175 = lambda.*t5.*t62;
t176 = mu.*t9.*t59;
t177 = t175+t176;
t178 = t49.*t50.*t177.*(1.0./6.0);
t179 = t174+t178;
t180 = lambda.*t65.*t67;
t181 = mu.*t65.*t67;
t182 = t180+t181;
t183 = lambda.*t62.*t67;
t184 = mu.*t62.*t67;
t185 = t183+t184;
t186 = t43.*t182.*(-1.0./6.0)-t49.*t50.*t185.*(1.0./6.0);
t187 = mu.*t59.*t71.*2.0;
t188 = t59.^2;
t189 = mu.*t188;
t190 = t67.^2;
t191 = t62.^2;
t192 = mu.*t71.*t75;
t193 = mu.*t59.*t75;
t194 = mu.*t59.*t84;
t195 = mu.*t59.*t80;
t196 = lambda.*t10.*t71;
t197 = mu.*t51.*t67;
t198 = t196+t197;
t199 = lambda.*t10.*t59;
t200 = mu.*t5.*t67;
t201 = t199+t200;
t202 = t43.*t198.*(-1.0./6.0)-t49.*t50.*t201.*(1.0./6.0);
t203 = lambda.*t26.*t59;
t204 = mu.*t5.*t65;
t205 = lambda.*t9.*t71;
t206 = mu.*t51.*t62;
t207 = t203+t204+t205+t206;
t208 = t43.*t207.*(1.0./6.0);
t209 = lambda.*t9.*t59;
t210 = mu.*t5.*t62;
t211 = t209+t210;
t212 = t49.*t50.*t211.*(1.0./6.0);
t213 = t208+t212;
t214 = t51.*t59.*t64;
t215 = t5.*t64.*t71;
t216 = t125+t126+t214+t215;
t217 = t5.*t59.*t64;
t218 = t127+t128+t217;
t219 = t43.*t216.*(-1.0./6.0)-t49.*t50.*t218.*(1.0./6.0);
t220 = lambda.*t67.*t71;
t221 = mu.*t67.*t71;
t222 = t220+t221;
t223 = t43.*t222.*(1.0./6.0);
t224 = lambda.*t59.*t67;
t225 = mu.*t59.*t67;
t226 = t224+t225;
t227 = t49.*t50.*t226.*(1.0./6.0);
t228 = t223+t227;
t229 = lambda.*t59.*t65;
t230 = mu.*t59.*t65;
t231 = lambda.*t62.*t71;
t232 = mu.*t62.*t71;
t233 = t229+t230+t231+t232;
t234 = lambda.*t59.*t62;
t235 = mu.*t59.*t62;
t236 = t234+t235;
t237 = t43.*t233.*(-1.0./6.0)-t49.*t50.*t236.*(1.0./6.0);
t238 = mu.*t62.*t65.*2.0;
t239 = mu.*t191;
t240 = mu.*t190;
t241 = mu.*t65.*t77;
t242 = mu.*t62.*t77;
t243 = mu.*t62.*t82;
t244 = mu.*t62.*t81;
t245 = mu.*t67.*t83;
t246 = t100+t129;
t247 = t101+t130-t10.*t49.*t64;
t248 = t43.*t246.*(-1.0./6.0)-t49.*t50.*t247.*(1.0./6.0);
t249 = lambda.*t9.*t49;
t250 = t249-mu.*t10.*t77;
t251 = t49.*t50.*t250.*(-1.0./6.0)-lambda.*t26.*t43.*t49.*(1.0./6.0);
t252 = lambda.*t5.*t49;
t253 = t252-mu.*t10.*t75;
t254 = t49.*t50.*t253.*(1.0./6.0);
t255 = lambda.*t43.*t49.*t51.*(1.0./6.0);
t256 = t254+t255;
t257 = t43.*(t192+t241).*(1.0./6.0);
t258 = t49.*t50.*(t193+t242-t49.*t64.*t67).*(1.0./6.0);
t259 = t257+t258;
t260 = lambda.*t49.*t62;
t261 = t260-mu.*t67.*t77;
t262 = t49.*t50.*t261.*(1.0./6.0);
t263 = lambda.*t43.*t49.*t65.*(1.0./6.0);
t264 = t262+t263;
t265 = lambda.*t49.*t59;
t266 = t265-mu.*t67.*t75;
t267 = t49.*t50.*t266.*(-1.0./6.0)-lambda.*t43.*t49.*t71.*(1.0./6.0);
t268 = t3-t53-t58+t73+t74-t79;
t269 = t7-t45-t61+t69+t76-t78;
t270 = lambda.*t10.*t77;
t271 = t49.*t50.*(t270-mu.*t9.*t49).*(1.0./6.0);
t272 = t271-mu.*t26.*t43.*t49.*(1.0./6.0);
t273 = t26.*t64.*t77;
t274 = t100+t273;
t275 = t9.*t64.*t77;
t322 = mu.*t10.*t49;
t276 = t101+t275-t322;
t277 = t43.*t274.*(-1.0./6.0)-t49.*t50.*t276.*(1.0./6.0);
t278 = mu.*t26.*t75;
t279 = lambda.*t51.*t77;
t280 = t43.*(t278+t279).*(1.0./6.0);
t281 = lambda.*t5.*t77;
t282 = mu.*t9.*t75;
t283 = t49.*t50.*(t281+t282).*(1.0./6.0);
t284 = t280+t283;
t285 = lambda.*t67.*t77;
t286 = t285-mu.*t49.*t62;
t287 = mu.*t43.*t49.*t65.*(1.0./6.0);
t288 = t287-t49.*t50.*t286.*(1.0./6.0);
t289 = t64.*t65.*t77;
t290 = t43.*(t192+t289).*(1.0./6.0);
t291 = t62.*t64.*t77;
t336 = mu.*t49.*t67;
t292 = t49.*t50.*(t193+t291-t336).*(1.0./6.0);
t293 = t290+t292;
t294 = mu.*t65.*t75;
t295 = lambda.*t71.*t77;
t296 = t294+t295;
t297 = lambda.*t59.*t77;
t298 = mu.*t62.*t75;
t299 = t297+t298;
t300 = t43.*t296.*(-1.0./6.0)-t49.*t50.*t299.*(1.0./6.0);
t301 = lambda.*t49.*t77;
t302 = mu.*t49.*t77;
t303 = t49.*t50.*(t301+t302).*(1.0./6.0);
t304 = t3-t53-t58+t73+t74-t79;
t305 = t49.^2;
t306 = t7-t45-t61+t69+t76-t78;
t307 = mu.*t75.*t84;
t308 = mu.*t75.*t80;
t309 = lambda.*t10.*t75;
t310 = t309-mu.*t5.*t49;
t311 = mu.*t43.*t49.*t51.*(1.0./6.0);
t312 = t311-t49.*t50.*t310.*(1.0./6.0);
t313 = lambda.*t26.*t75;
t314 = mu.*t51.*t77;
t315 = t43.*(t313+t314).*(1.0./6.0);
t316 = lambda.*t9.*t75;
t317 = mu.*t5.*t77;
