function der_st_dz1 = der_stima_dz1(lambda,mu,V)
%DER_STIMA_DZ1
%    DER_ST_DZ1 = DER_STIMA_DZ1(LAMBDA,MU,X1,X2,X3,X4,Y1,Y2,Y3,Y4,Z1,Z2,Z3,Z4)

%    This function was generated by the Symbolic Math Toolbox version 5.8.
%    02-Jun-2015 16:37:48
x1=V(1,1);
y1=V(1,2);
z1=V(1,3);

x2=V(2,1);
y2=V(2,2);
z2=V(2,3);

x3=V(3,1);
y3=V(3,2);
z3=V(3,3);

x4=V(4,1);
y4=V(4,2);
z4=V(4,3);

t5 = x2.*y3;
t6 = x3.*y2;
t7 = x2.*y4;
t8 = x4.*y2;
t9 = x3.*y4;
t10 = x4.*y3;
t2 = t5-t6-t7+t8+t9-t10;
t11 = x2.*z3;
t12 = x3.*z2;
t13 = x2.*z4;
t14 = x4.*z2;
t15 = x3.*z4;
t16 = x4.*z3;
t3 = t11-t12-t13+t14+t15-t16;
t17 = y2.*z3;
t18 = y3.*z2;
t19 = y2.*z4;
t20 = y4.*z2;
t21 = y3.*z4;
t22 = y4.*z3;
t4 = t17-t18-t19+t20+t21-t22;
t23 = x1.*y2.*z3;
t24 = x2.*y3.*z1;
t25 = x3.*y1.*z2;
t26 = x1.*y4.*z2;
t27 = x2.*y1.*z4;
t28 = x4.*y2.*z1;
t29 = x1.*y3.*z4;
t30 = x3.*y4.*z1;
t31 = x4.*y1.*z3;
t32 = x2.*y4.*z3;
t33 = x3.*y2.*z4;
t34 = x4.*y3.*z2;
t37 = x1.*y3.*z2;
t38 = x2.*y1.*z3;
t39 = x3.*y2.*z1;
t40 = x1.*y2.*z4;
t41 = x2.*y4.*z1;
t42 = x4.*y1.*z2;
t43 = x1.*y4.*z3;
t44 = x3.*y1.*z4;
t45 = x4.*y3.*z1;
t46 = x2.*y3.*z4;
t47 = x3.*y4.*z2;
t48 = x4.*y2.*z3;
t35 = t23+t24+t25+t26+t27+t28+t29+t30+t31+t32+t33+t34-t37-t38-t39-t40-t41-t42-t43-t44-t45-t46-t47-t48;
t36 = 1.0./t35.^2;
t49 = mu.*2.0;
t50 = lambda+t49;
t51 = y3-y4;
t52 = x3-x4;
t53 = 1.0./t35;
t54 = x1.*z3;
t55 = x4.*z1;
t66 = x1.*z4;
t79 = x3.*z1;
t56 = t15-t16+t54+t55-t66-t79;
t57 = y1.*z3;
t58 = y4.*z1;
t63 = y3.*z1;
t64 = y1.*z4;
t59 = t21-t22+t57+t58-t63-t64;
t60 = x1.*y3;
t61 = x4.*y1;
t65 = x1.*y4;
t77 = x3.*y1;
t62 = t9-t10+t60+t61-t65-t77;
t67 = y2-y4;
t68 = x2-x4;
t69 = x1.*z2;
t78 = x2.*z1;
t70 = t13-t14+t55-t66+t69-t78;
t71 = y1.*z2;
t75 = y2.*z1;
t72 = t19-t20+t58-t64+t71-t75;
t73 = x1.*y2;
t76 = x2.*y1;
t74 = t7-t8+t61-t65+t73-t76;
t80 = y2-y3;
t81 = x2-x3;
t82 = t11-t12-t54+t69-t78+t79;
t83 = t17-t18-t57+t63+t71-t75;
t84 = t5-t6-t60+t73-t76+t77;
t85 = lambda.*t3.*t4;
t86 = mu.*t3.*t4;
t87 = t85+t86;
t88 = t2.^2;
t89 = mu.*t88;
t90 = t4.^2;
t91 = t3.^2;
t92 = mu.*t2.*t62;
t93 = mu.*t2.*t74;
t94 = mu.*t2.*t84;
t95 = lambda.*t2.*t4;
t96 = mu.*t2.*t4;
t97 = t95+t96;
t98 = t2.*t36.*t97.*(1.0./6.0);
t99 = lambda.*t2.*t3;
t100 = mu.*t2.*t3;
t101 = t99+t100;
t102 = mu.*t91;
t103 = mu.*t90;
t104 = mu.*t3.*t52;
t105 = mu.*t4.*t51;
t106 = mu.*t3.*t56;
t107 = mu.*t4.*t59;
t108 = mu.*t3.*t68;
t109 = mu.*t4.*t67;
t110 = mu.*t3.*t70;
t111 = mu.*t4.*t72;
t112 = mu.*t3.*t81;
t113 = mu.*t4.*t80;
t114 = mu.*t3.*t82;
t115 = mu.*t4.*t83;
t116 = t4.*t50.*t51;
t117 = t104+t116;
t118 = t4.*t50.*t59;
t119 = t92+t106+t118;
t120 = t53.*t117.*(-1.0./6.0)-t2.*t36.*t119.*(1.0./6.0);
t121 = lambda.*t3.*t51;
t122 = mu.*t4.*t52;
t123 = t121+t122;
t124 = t53.*t123.*(1.0./6.0);
t125 = lambda.*t3.*t59;
t126 = mu.*t4.*t56;
t127 = t125+t126;
t128 = t2.*t36.*t127.*(1.0./6.0);
t129 = t124+t128;
t130 = lambda.*t2.*t59;
t131 = mu.*t4.*t62;
t132 = t130+t131;
t133 = t2.*t36.*t132.*(-1.0./6.0)-lambda.*t2.*t51.*t53.*(1.0./6.0);
t134 = mu.*t3.*t51;
t135 = lambda.*t4.*t52;
t136 = t134+t135;
t137 = t53.*t136.*(1.0./6.0);
t138 = lambda.*t4.*t56;
t139 = mu.*t3.*t59;
t140 = t138+t139;
t141 = t2.*t36.*t140.*(1.0./6.0);
t142 = t137+t141;
t143 = t3.*t50.*t52;
t144 = t105+t143;
t145 = t3.*t50.*t56;
t146 = t92+t107+t145;
t147 = t53.*t144.*(-1.0./6.0)-t2.*t36.*t146.*(1.0./6.0);
t148 = lambda.*t2.*t56;
t149 = mu.*t3.*t62;
t150 = t148+t149;
t151 = t2.*t36.*t150.*(1.0./6.0);
t152 = lambda.*t2.*t52.*t53.*(1.0./6.0);
t153 = t151+t152;
t154 = lambda.*t51.*t56;
t155 = mu.*t51.*t56;
t156 = lambda.*t52.*t59;
t157 = mu.*t52.*t59;
t158 = t154+t155+t156+t157;
t159 = lambda.*t56.*t59;
t160 = mu.*t56.*t59;
t161 = t159+t160;
t162 = t53.*t158.*(-1.0./6.0)-t2.*t36.*t161.*(1.0./6.0);
t163 = t62.^2;
t164 = mu.*t163;
t165 = t59.^2;
t166 = t56.^2;
t167 = mu.*t62.*t74;
t168 = mu.*t62.*t84;
t169 = lambda.*t4.*t62;
t170 = mu.*t2.*t59;
t171 = t169+t170;
t172 = t2.*t36.*t171.*(-1.0./6.0)-mu.*t2.*t51.*t53.*(1.0./6.0);
t173 = lambda.*t3.*t62;
t174 = mu.*t2.*t56;
t175 = t173+t174;
t176 = t2.*t36.*t175.*(1.0./6.0);
t177 = mu.*t2.*t52.*t53.*(1.0./6.0);
t178 = t176+t177;
t179 = t104+t105;
t180 = t2.*t50.*t62;
t181 = t106+t107+t180;
t182 = t53.*t179.*(-1.0./6.0)-t2.*t36.*t181.*(1.0./6.0);
t183 = lambda.*t51.*t62;
t184 = mu.*t51.*t62;
t185 = t183+t184;
t186 = t53.*t185.*(1.0./6.0);
t187 = lambda.*t59.*t62;
t188 = mu.*t59.*t62;
t189 = t187+t188;
t190 = t2.*t36.*t189.*(1.0./6.0);
t191 = t186+t190;
t192 = lambda.*t52.*t62;
t193 = mu.*t52.*t62;
t194 = t192+t193;
t195 = lambda.*t56.*t62;
t196 = mu.*t56.*t62;
t197 = t195+t196;
t198 = t53.*t194.*(-1.0./6.0)-t2.*t36.*t197.*(1.0./6.0);
t199 = mu.*t52.*t56.*2.0;
t200 = mu.*t51.*t59.*2.0;
t201 = mu.*t166;
t202 = mu.*t165;
t203 = mu.*t52.*t70;
t204 = mu.*t56.*t68;
t205 = mu.*t51.*t72;
t206 = mu.*t59.*t67;
t207 = mu.*t56.*t70;
t208 = mu.*t59.*t72;
t209 = mu.*t52.*t82;
t210 = mu.*t56.*t81;
t211 = mu.*t51.*t83;
t212 = mu.*t59.*t80;
t213 = mu.*t56.*t82;
t214 = mu.*t59.*t83;
t215 = t4.*t50.*t67;
t216 = t108+t215;
t217 = t53.*t216.*(1.0./6.0);
t218 = t4.*t50.*t72;
t219 = t93+t110+t218;
t220 = t2.*t36.*t219.*(1.0./6.0);
t221 = t217+t220;
t222 = lambda.*t3.*t67;
t223 = mu.*t4.*t68;
t224 = t222+t223;
t225 = lambda.*t3.*t72;
t226 = mu.*t4.*t70;
t227 = t225+t226;
t228 = t53.*t224.*(-1.0./6.0)-t2.*t36.*t227.*(1.0./6.0);
t229 = lambda.*t2.*t72;
t230 = mu.*t4.*t74;
t231 = t229+t230;
t232 = t2.*t36.*t231.*(1.0./6.0);
t233 = lambda.*t2.*t53.*t67.*(1.0./6.0);
t234 = t232+t233;
t235 = t50.*t51.*t72;
t236 = t50.*t59.*t67;
t237 = t203+t204+t235+t236;
t238 = t50.*t59.*t72;
t239 = t167+t207+t238;
t240 = t53.*t237.*(-1.0./6.0)-t2.*t36.*t239.*(1.0./6.0);
t241 = lambda.*t56.*t67;
t242 = mu.*t51.*t70;
t243 = lambda.*t52.*t72;
t244 = mu.*t59.*t68;
t245 = t241+t242+t243+t244;
t246 = t53.*t245.*(1.0./6.0);
t247 = lambda.*t56.*t72;
t248 = mu.*t59.*t70;
t249 = t247+t248;
t250 = t2.*t36.*t249.*(1.0./6.0);
t251 = t246+t250;
t252 = lambda.*t62.*t67;
t253 = mu.*t51.*t74;
t254 = t252+t253;
t255 = lambda.*t62.*t72;
t256 = mu.*t59.*t74;
t257 = t255+t256;
t258 = t53.*t254.*(-1.0./6.0)-t2.*t36.*t257.*(1.0./6.0);
t259 = mu.*t3.*t67;
t260 = lambda.*t4.*t68;
t261 = t259+t260;
t262 = lambda.*t4.*t70;
t263 = mu.*t3.*t72;
t264 = t262+t263;
t265 = t53.*t261.*(-1.0./6.0)-t2.*t36.*t264.*(1.0./6.0);
t266 = t3.*t50.*t68;
t267 = t109+t266;
t268 = t53.*t267.*(1.0./6.0);
t269 = t3.*t50.*t70;
t270 = t93+t111+t269;
t271 = t2.*t36.*t270.*(1.0./6.0);
t272 = t268+t271;
t273 = lambda.*t2.*t70;
t274 = mu.*t3.*t74;
t275 = t273+t274;
t276 = t2.*t36.*t275.*(-1.0./6.0)-lambda.*t2.*t53.*t68.*(1.0./6.0);
t277 = lambda.*t51.*t70;
t278 = mu.*t56.*t67;
t279 = lambda.*t59.*t68;
t280 = mu.*t52.*t72;
t281 = t277+t278+t279+t280;
t282 = t53.*t281.*(1.0./6.0);
t283 = lambda.*t59.*t70;
t284 = mu.*t56.*t72;
t285 = t283+t284;
t286 = t2.*t36.*t285.*(1.0./6.0);
t287 = t282+t286;
t288 = t50.*t52.*t70;
t289 = t50.*t56.*t68;
t290 = t205+t206+t288+t289;
t291 = t50.*t56.*t70;
t292 = t167+t208+t291;
t293 = t53.*t290.*(-1.0./6.0)-t2.*t36.*t292.*(1.0./6.0);
t294 = lambda.*t62.*t68;
t295 = mu.*t52.*t74;
t296 = t294+t295;
t297 = t53.*t296.*(1.0./6.0);
t298 = lambda.*t62.*t70;
t299 = mu.*t56.*t74;
t300 = t298+t299;
t301 = t2.*t36.*t300.*(1.0./6.0);
t302 = t297+t301;
t303 = lambda.*t67.*t70;
t304 = mu.*t67.*t70;
t305 = lambda.*t68.*t72;
t306 = mu.*t68.*t72;
t307 = t303+t304+t305+t306;
t308 = lambda.*t70.*t72;
t309 = mu.*t70.*t72;
t310 = t308+t309;
t311 = t53.*t307.*(-1.0./6.0)-t2.*t36.*t310.*(1.0./6.0);
t312 = t74.^2;
t313 = mu.*t312;
t314 = t72.^2;
t315 = t70.^2;
t316 = mu.*t74.*t84;
t317 = lambda.*t4.*t74;
t318 = mu.*t2.*t72;
t319 = t317+t318;
t320 = t2.*t36.*t319.*(1.0./6.0);
t321 = mu.*t2.*t53.*t67.*(1.0./6.0);
t322 = t320+t321;
t323 = lambda.*t3.*t74;
t324 = mu.*t2.*t70;
t325 = t323+t324;
t326 = t2.*t36.*t325.*(-1.0./6.0)-mu.*t2.*t53.*t68.*(1.0./6.0);
t327 = t108+t109;
t328 = t53.*t327.*(1.0./6.0);
t329 = t2.*t50.*t74;
t330 = t110+t111+t329;
t331 = t2.*t36.*t330.*(1.0./6.0);
t332 = t328+t331;
t333 = lambda.*t51.*t74;
t334 = mu.*t62.*t67;
