function der_st_dy1 = der_stima_dy1(lambda,mu,V)
%DER_STIMA_DY1
%    DER_ST_DY1 = DER_STIMA_DY1(LAMBDA,MU,X1,X2,X3,X4,Y1,Y2,Y3,Y4,Z1,Z2,Z3,Z4)

%    This function was generated by the Symbolic Math Toolbox version 5.8.
%    02-Jun-2015 16:25:54
x1=V(1,1);
y1=V(1,2);
z1=V(1,3);

x2=V(2,1);
y2=V(2,2);
z2=V(2,3);

x3=V(3,1);
y3=V(3,2);
z3=V(3,3);

x4=V(4,1);
y4=V(4,2);
z4=V(4,3);

t31 = x2.*y3;
t32 = x3.*y2;
t33 = x2.*y4;
t34 = x4.*y2;
t35 = x3.*y4;
t36 = x4.*y3;
t2 = t31-t32-t33+t34+t35-t36;
t5 = x2.*z3;
t6 = x3.*z2;
t7 = x2.*z4;
t8 = x4.*z2;
t9 = x3.*z4;
t10 = x4.*z3;
t3 = t5-t6-t7+t8+t9-t10;
t11 = y2.*z3;
t12 = y3.*z2;
t13 = y2.*z4;
t14 = y4.*z2;
t15 = y3.*z4;
t16 = y4.*z3;
t4 = t11-t12-t13+t14+t15-t16;
t17 = x1.*y2.*z3;
t18 = x2.*y3.*z1;
t19 = x3.*y1.*z2;
t20 = x1.*y4.*z2;
t21 = x2.*y1.*z4;
t22 = x4.*y2.*z1;
t23 = x1.*y3.*z4;
t24 = x3.*y4.*z1;
t25 = x4.*y1.*z3;
t26 = x2.*y4.*z3;
t27 = x3.*y2.*z4;
t28 = x4.*y3.*z2;
t37 = x1.*y3.*z2;
t38 = x2.*y1.*z3;
t39 = x3.*y2.*z1;
t40 = x1.*y2.*z4;
t41 = x2.*y4.*z1;
t42 = x4.*y1.*z2;
t43 = x1.*y4.*z3;
t44 = x3.*y1.*z4;
t45 = x4.*y3.*z1;
t46 = x2.*y3.*z4;
t47 = x3.*y4.*z2;
t48 = x4.*y2.*z3;
t29 = t17+t18+t19+t20+t21+t22+t23+t24+t25+t26+t27+t28-t37-t38-t39-t40-t41-t42-t43-t44-t45-t46-t47-t48;
t30 = 1.0./t29.^2;
t49 = mu.*2.0;
t50 = lambda+t49;
t51 = x1.*z3;
t52 = x4.*z1;
t66 = x1.*z4;
t79 = x3.*z1;
t53 = t9-t10+t51+t52-t66-t79;
t54 = y1.*z3;
t55 = y4.*z1;
t63 = y3.*z1;
t64 = y1.*z4;
t56 = t15-t16+t54+t55-t63-t64;
t57 = z3-z4;
t58 = 1.0./t29;
t59 = x3-x4;
t60 = x1.*y3;
t61 = x4.*y1;
t65 = x1.*y4;
t77 = x3.*y1;
t62 = t35-t36+t60+t61-t65-t77;
t67 = x1.*z2;
t78 = x2.*z1;
t68 = t7-t8+t52-t66+t67-t78;
t69 = y1.*z2;
t75 = y2.*z1;
t70 = t13-t14+t55-t64+t69-t75;
t71 = z2-z4;
t72 = x2-x4;
t73 = x1.*y2;
t76 = x2.*y1;
t74 = t33-t34+t61-t65+t73-t76;
t80 = t5-t6-t51+t67-t78+t79;
t81 = t11-t12-t54+t63+t69-t75;
t82 = z2-z3;
t83 = x2-x3;
t84 = t31-t32-t60+t73-t76+t77;
t85 = lambda.*t3.*t4;
t86 = mu.*t3.*t4;
t87 = t85+t86;
t88 = t3.*t30.*t87.*(1.0./6.0);
t89 = t2.^2;
t90 = mu.*t89;
t91 = t4.^2;
t92 = t3.^2;
t93 = mu.*t2.*t59;
t94 = mu.*t2.*t62;
t95 = mu.*t2.*t72;
t96 = mu.*t2.*t74;
t97 = mu.*t2.*t83;
t98 = mu.*t2.*t84;
t99 = lambda.*t2.*t4;
t100 = mu.*t2.*t4;
t101 = t99+t100;
t102 = lambda.*t2.*t3;
t103 = mu.*t2.*t3;
t104 = t102+t103;
t105 = t3.*t30.*t104.*(1.0./6.0);
t106 = mu.*t92;
t107 = mu.*t91;
t108 = mu.*t3.*t53;
t109 = mu.*t4.*t56;
t110 = mu.*t3.*t68;
t111 = mu.*t4.*t70;
t112 = mu.*t3.*t80;
t113 = mu.*t4.*t81;
t114 = t93-t4.*t50.*t57;
t115 = t4.*t50.*t56;
t116 = t94+t108+t115;
t117 = t3.*t30.*t116.*(1.0./6.0);
t118 = t117-t58.*t114.*(1.0./6.0);
t119 = lambda.*t3.*t56;
t120 = mu.*t4.*t53;
t121 = t119+t120;
t122 = t3.*t30.*t121.*(-1.0./6.0)-lambda.*t3.*t57.*t58.*(1.0./6.0);
t123 = lambda.*t2.*t57;
t124 = t123-mu.*t4.*t59;
t125 = t58.*t124.*(1.0./6.0);
t126 = lambda.*t2.*t56;
t127 = mu.*t4.*t62;
t128 = t126+t127;
t129 = t3.*t30.*t128.*(1.0./6.0);
t130 = t125+t129;
t131 = lambda.*t4.*t53;
t132 = mu.*t3.*t56;
t133 = t131+t132;
t134 = t3.*t30.*t133.*(-1.0./6.0)-mu.*t3.*t57.*t58.*(1.0./6.0);
t135 = mu.*t4.*t57;
t136 = t3.*t50.*t53;
t137 = t94+t109+t136;
t138 = t3.*t30.*t137.*(1.0./6.0);
t139 = lambda.*t2.*t53;
t140 = mu.*t3.*t62;
t141 = t139+t140;
t142 = mu.*t3.*t58.*t59.*(1.0./6.0);
t143 = t142-t3.*t30.*t141.*(1.0./6.0);
t144 = lambda.*t53.*t57;
t145 = mu.*t53.*t57;
t146 = t144+t145;
t147 = t58.*t146.*(1.0./6.0);
t148 = lambda.*t53.*t56;
t149 = mu.*t53.*t56;
t150 = t148+t149;
t151 = t3.*t30.*t150.*(1.0./6.0);
t152 = t147+t151;
t153 = mu.*t59.*t62.*2.0;
t154 = t62.^2;
t155 = mu.*t154;
t156 = t56.^2;
t157 = t53.^2;
t158 = mu.*t59.*t74;
t159 = mu.*t62.*t72;
t160 = mu.*t62.*t74;
t161 = mu.*t59.*t84;
t162 = mu.*t62.*t83;
t163 = mu.*t62.*t84;
t164 = lambda.*t4.*t59;
t165 = t164-mu.*t2.*t57;
t166 = lambda.*t4.*t62;
t167 = mu.*t2.*t56;
t168 = t166+t167;
t169 = t3.*t30.*t168.*(1.0./6.0);
t170 = t169-t58.*t165.*(1.0./6.0);
t171 = lambda.*t3.*t62;
t172 = mu.*t2.*t53;
t173 = t171+t172;
t174 = lambda.*t3.*t58.*t59.*(1.0./6.0);
t175 = t174-t3.*t30.*t173.*(1.0./6.0);
t176 = t135-t2.*t50.*t59;
t177 = t58.*t176.*(1.0./6.0);
t178 = t2.*t50.*t62;
t179 = t108+t109+t178;
t180 = t3.*t30.*t179.*(1.0./6.0);
t181 = t177+t180;
t182 = lambda.*t56.*t59;
t183 = mu.*t56.*t59;
t184 = t58.*(t182+t183-lambda.*t57.*t62-mu.*t57.*t62).*(1.0./6.0);
t185 = lambda.*t56.*t62;
t186 = mu.*t56.*t62;
t187 = t185+t186;
t188 = t184-t3.*t30.*t187.*(1.0./6.0);
t189 = lambda.*t53.*t59;
t190 = mu.*t53.*t59;
t191 = t189+t190;
t192 = lambda.*t53.*t62;
t193 = mu.*t53.*t62;
t194 = t192+t193;
t195 = t3.*t30.*t194.*(1.0./6.0);
t196 = t195-t58.*t191.*(1.0./6.0);
t197 = mu.*t157;
t198 = mu.*t156;
t199 = mu.*t53.*t68;
t200 = mu.*t56.*t70;
t201 = mu.*t53.*t80;
t202 = mu.*t56.*t81;
t203 = t95-t4.*t50.*t71;
t204 = t58.*t203.*(1.0./6.0);
t205 = t4.*t50.*t70;
t206 = t96+t110+t205;
t207 = t204-t3.*t30.*t206.*(1.0./6.0);
t208 = lambda.*t3.*t70;
t209 = mu.*t4.*t68;
t210 = t208+t209;
t211 = t3.*t30.*t210.*(1.0./6.0);
t212 = lambda.*t3.*t58.*t71.*(1.0./6.0);
t213 = t211+t212;
t214 = lambda.*t2.*t71;
t215 = t214-mu.*t4.*t72;
t216 = lambda.*t2.*t70;
t217 = mu.*t4.*t74;
t218 = t216+t217;
t219 = t58.*t215.*(-1.0./6.0)-t3.*t30.*t218.*(1.0./6.0);
t220 = t158+t159-t50.*t56.*t71-t50.*t57.*t70;
t221 = t50.*t56.*t70;
t222 = t160+t199+t221;
t223 = t3.*t30.*t222.*(1.0./6.0);
t224 = t223-t58.*t220.*(1.0./6.0);
t225 = lambda.*t53.*t71;
t226 = mu.*t57.*t68;
t227 = t225+t226;
t228 = lambda.*t53.*t70;
t229 = mu.*t56.*t68;
t230 = t228+t229;
t231 = t58.*t227.*(-1.0./6.0)-t3.*t30.*t230.*(1.0./6.0);
t232 = lambda.*t59.*t70;
t233 = mu.*t56.*t72;
t234 = t232+t233-lambda.*t62.*t71-mu.*t57.*t74;
t235 = lambda.*t62.*t70;
t236 = mu.*t56.*t74;
t237 = t235+t236;
t238 = t3.*t30.*t237.*(1.0./6.0);
t239 = t238-t58.*t234.*(1.0./6.0);
t240 = lambda.*t4.*t68;
t241 = mu.*t3.*t70;
t242 = t240+t241;
t243 = t3.*t30.*t242.*(1.0./6.0);
t244 = mu.*t3.*t58.*t71.*(1.0./6.0);
t245 = t243+t244;
t246 = mu.*t4.*t71;
t247 = t3.*t50.*t68;
t248 = t96+t111+t247;
t249 = lambda.*t2.*t68;
t250 = mu.*t3.*t74;
t251 = t249+t250;
t252 = t3.*t30.*t251.*(1.0./6.0);
t253 = t252-mu.*t3.*t58.*t72.*(1.0./6.0);
t254 = lambda.*t57.*t68;
t255 = mu.*t53.*t71;
t256 = t254+t255;
t257 = lambda.*t56.*t68;
t258 = mu.*t53.*t70;
t259 = t257+t258;
t260 = t58.*t256.*(-1.0./6.0)-t3.*t30.*t259.*(1.0./6.0);
t261 = mu.*t57.*t70;
t262 = mu.*t56.*t71;
t263 = t50.*t53.*t68;
t264 = t160+t200+t263;
t265 = t3.*t30.*t264.*(1.0./6.0);
t266 = lambda.*t59.*t68;
t267 = mu.*t53.*t72;
t268 = t266+t267;
t269 = t58.*t268.*(1.0./6.0);
t270 = lambda.*t62.*t68;
t271 = mu.*t53.*t74;
t272 = t270+t271;
t273 = t269-t3.*t30.*t272.*(1.0./6.0);
t274 = lambda.*t68.*t71;
t275 = mu.*t68.*t71;
t276 = t274+t275;
t277 = t58.*t276.*(1.0./6.0);
t278 = lambda.*t68.*t70;
t279 = mu.*t68.*t70;
t280 = t278+t279;
t281 = t3.*t30.*t280.*(1.0./6.0);
t282 = t277+t281;
t283 = mu.*t72.*t74.*2.0;
t284 = t74.^2;
t285 = mu.*t284;
t286 = t70.^2;
t287 = t68.^2;
t288 = mu.*t72.*t84;
t289 = mu.*t74.*t83;
t290 = mu.*t74.*t84;
t291 = lambda.*t4.*t72;
t292 = t58.*(t291-mu.*t2.*t71).*(1.0./6.0);
t293 = lambda.*t4.*t74;
t294 = mu.*t2.*t70;
t295 = t293+t294;
t296 = t292-t3.*t30.*t295.*(1.0./6.0);
t297 = lambda.*t3.*t74;
t298 = mu.*t2.*t68;
t299 = t297+t298;
t300 = t3.*t30.*t299.*(1.0./6.0);
t301 = t300-lambda.*t3.*t58.*t72.*(1.0./6.0);
t302 = t246-t2.*t50.*t72;
t303 = t2.*t50.*t74;
t304 = t110+t111+t303;
t305 = t58.*t302.*(-1.0./6.0)-t3.*t30.*t304.*(1.0./6.0);
t306 = lambda.*t56.*t72;
t307 = mu.*t59.*t70;
t308 = t306+t307-lambda.*t57.*t74-mu.*t62.*t71;
t309 = lambda.*t56.*t74;
t310 = mu.*t62.*t70;
t311 = t309+t310;
t312 = t3.*t30.*t311.*(1.0./6.0);
t313 = t312-t58.*t308.*(1.0./6.0);
t314 = lambda.*t53.*t72;
t315 = mu.*t59.*t68;
t316 = t314+t315;
t317 = t58.*t316.*(1.0./6.0);
t318 = lambda.*t53.*t74;
t319 = mu.*t62.*t68;
t320 = t318+t319;
t321 = t317-t3.*t30.*t320.*(1.0./6.0);
t322 = t261+t262-t50.*t59.*t74-t50.*t62.*t72;
t323 = t58.*t322.*(1.0./6.0);
t324 = t50.*t62.*t74;
t325 = t199+t200+t324;
t326 = t3.*t30.*t325.*(1.0./6.0);
