function der_st_dx2 = der_stima_dx2(lambda,mu,V)
%DER_STIMA_DX2
%    DER_ST_DX2 = DER_STIMA_DX2(LAMBDA,MU,X1,X2,X3,X4,Y1,Y2,Y3,Y4,Z1,Z2,Z3,Z4)

%    This function was generated by the Symbolic Math Toolbox version 5.8.
%    02-Jun-2015 16:17:08
x1=V(1,1);
y1=V(1,2);
z1=V(1,3);

x2=V(2,1);
y2=V(2,2);
z2=V(2,3);

x3=V(3,1);
y3=V(3,2);
z3=V(3,3);

x4=V(4,1);
y4=V(4,2);
z4=V(4,3);

t2 = x2.*y3;
t3 = x4.*y2;
t4 = x3.*y4;
t52 = x3.*y2;
t53 = x2.*y4;
t54 = x4.*y3;
t5 = t2+t3+t4-t52-t53-t54;
t6 = x2.*z3;
t7 = x4.*z2;
t8 = x3.*z4;
t44 = x3.*z2;
t45 = x2.*z4;
t46 = x4.*z3;
t9 = t6+t7+t8-t44-t45-t46;
t11 = y3.*z4;
t12 = y4.*z3;
t27 = y2.*z3;
t28 = y3.*z2;
t29 = y2.*z4;
t30 = y4.*z2;
t10 = t11-t12+t27-t28-t29+t30;
t13 = x1.*y2.*z3;
t14 = x2.*y3.*z1;
t15 = x3.*y1.*z2;
t16 = x1.*y4.*z2;
t17 = x2.*y1.*z4;
t18 = x4.*y2.*z1;
t19 = x1.*y3.*z4;
t20 = x3.*y4.*z1;
t21 = x4.*y1.*z3;
t22 = x2.*y4.*z3;
t23 = x3.*y2.*z4;
t24 = x4.*y3.*z2;
t31 = x1.*y3.*z2;
t32 = x2.*y1.*z3;
t33 = x3.*y2.*z1;
t34 = x1.*y2.*z4;
t35 = x2.*y4.*z1;
t36 = x4.*y1.*z2;
t37 = x1.*y4.*z3;
t38 = x3.*y1.*z4;
t39 = x4.*y3.*z1;
t40 = x2.*y3.*z4;
t41 = x3.*y4.*z2;
t42 = x4.*y2.*z3;
t25 = t13+t14+t15+t16+t17+t18+t19+t20+t21+t22+t23+t24-t31-t32-t33-t34-t35-t36-t37-t38-t39-t40-t41-t42;
t26 = z3-z4;
t43 = 1.0./t25;
t47 = y1.*z3;
t48 = y4.*z1;
t55 = y3.*z1;
t56 = y1.*z4;
t49 = t11-t12+t47+t48-t55-t56;
t50 = 1.0./t25.^2;
t51 = y3-y4;
t57 = x1.*y3;
t58 = x4.*y1;
t67 = x3.*y1;
t68 = x1.*y4;
t59 = t4-t54+t57+t58-t67-t68;
t60 = x1.*z3;
t61 = x4.*z1;
t65 = x3.*z1;
t66 = x1.*z4;
t62 = t8-t46+t60+t61-t65-t66;
t63 = mu.*2.0;
t64 = lambda+t63;
t69 = x2.*y1;
t79 = x1.*y2;
t70 = t3-t53-t58+t68+t69-t79;
t71 = x2.*z1;
t76 = x1.*z2;
t72 = t7-t45-t61+t66+t71-t76;
t73 = z1-z4;
t74 = y1.*z2;
t77 = y2.*z1;
t75 = t29-t30+t48-t56+t74-t77;
t78 = y1-y4;
t80 = t2-t52-t57+t67-t69+t79;
t81 = t6-t44-t60+t65-t71+t76;
t82 = z1-z3;
t83 = t27-t28-t47+t55+t74-t77;
t84 = y1-y3;
t85 = lambda.*t10.*t26;
t86 = mu.*t10.*t26;
t87 = t85+t86;
t88 = t43.*t87.*(1.0./6.0);
t89 = lambda.*t9.*t10;
t90 = mu.*t9.*t10;
t91 = t89+t90;
t92 = t49.*t50.*t91.*(1.0./6.0);
t93 = t88+t92;
t94 = mu.*t5.*t51.*2.0;
t95 = t5.^2;
t96 = mu.*t95;
t97 = t10.^2;
t98 = t9.^2;
t99 = mu.*t51.*t59;
t100 = mu.*t5.*t59;
t101 = mu.*t51.*t70;
t102 = mu.*t5.*t78;
t103 = mu.*t5.*t70;
t104 = mu.*t5.*t84;
t105 = mu.*t5.*t80;
t106 = lambda.*t10.*t51;
t107 = mu.*t10.*t51;
t108 = t106+t107;
t109 = lambda.*t5.*t10;
t110 = mu.*t5.*t10;
t111 = t109+t110;
t112 = t43.*t108.*(-1.0./6.0)-t49.*t50.*t111.*(1.0./6.0);
t113 = lambda.*t5.*t26;
t114 = mu.*t5.*t26;
t115 = lambda.*t9.*t51;
t116 = mu.*t9.*t51;
t117 = t113+t114+t115+t116;
t118 = t43.*t117.*(1.0./6.0);
t119 = lambda.*t5.*t9;
t120 = mu.*t5.*t9;
t121 = t119+t120;
t122 = t49.*t50.*t121.*(1.0./6.0);
t123 = t118+t122;
t124 = mu.*t9.*t26.*2.0;
t125 = mu.*t98;
t126 = mu.*t97;
t127 = mu.*t26.*t62;
t128 = mu.*t9.*t62;
t129 = mu.*t10.*t49;
t130 = mu.*t26.*t72;
t131 = mu.*t9.*t73;
t132 = mu.*t9.*t72;
t133 = mu.*t9.*t82;
t134 = mu.*t9.*t81;
t135 = mu.*t10.*t83;
t136 = t99+t127;
t137 = t43.*t136.*(1.0./6.0);
t138 = t10.*t49.*t64;
t139 = t100+t128+t138;
t140 = t49.*t50.*t139.*(1.0./6.0);
t141 = t137+t140;
t142 = lambda.*t9.*t49;
t143 = mu.*t10.*t62;
t144 = t142+t143;
t145 = t49.*t50.*t144.*(-1.0./6.0)-lambda.*t26.*t43.*t49.*(1.0./6.0);
t146 = lambda.*t5.*t49;
t147 = mu.*t10.*t59;
t148 = t146+t147;
t149 = t49.*t50.*t148.*(1.0./6.0);
t150 = lambda.*t43.*t49.*t51.*(1.0./6.0);
t151 = t149+t150;
t152 = lambda.*t10.*t62;
t153 = mu.*t9.*t49;
t154 = t152+t153;
t155 = t49.*t50.*t154.*(-1.0./6.0)-mu.*t26.*t43.*t49.*(1.0./6.0);
t156 = t26.*t62.*t64;
t157 = t99+t156;
t158 = t43.*t157.*(1.0./6.0);
t159 = t9.*t62.*t64;
t160 = t100+t129+t159;
t161 = t49.*t50.*t160.*(1.0./6.0);
t162 = t158+t161;
t163 = mu.*t26.*t59;
t164 = lambda.*t51.*t62;
t165 = t163+t164;
t166 = lambda.*t5.*t62;
t167 = mu.*t9.*t59;
t168 = t166+t167;
t169 = t43.*t165.*(-1.0./6.0)-t49.*t50.*t168.*(1.0./6.0);
t170 = lambda.*t49.*t62;
t171 = mu.*t49.*t62;
t172 = t170+t171;
t173 = t49.*t50.*t172.*(1.0./6.0);
t174 = t59.^2;
t175 = mu.*t174;
t176 = t49.^2;
t177 = t62.^2;
t178 = mu.*t59.*t78;
t179 = mu.*t59.*t70;
t180 = mu.*t59.*t84;
t181 = mu.*t59.*t80;
t182 = lambda.*t10.*t59;
t183 = mu.*t5.*t49;
t184 = t182+t183;
t185 = t49.*t50.*t184.*(1.0./6.0);
t186 = mu.*t43.*t49.*t51.*(1.0./6.0);
t187 = t185+t186;
t188 = lambda.*t26.*t59;
t189 = mu.*t51.*t62;
t190 = t188+t189;
t191 = lambda.*t9.*t59;
t192 = mu.*t5.*t62;
t193 = t191+t192;
t194 = t43.*t190.*(-1.0./6.0)-t49.*t50.*t193.*(1.0./6.0);
t195 = t51.*t59.*t64;
t196 = t127+t195;
t197 = t43.*t196.*(1.0./6.0);
t198 = t5.*t59.*t64;
t199 = t128+t129+t198;
t200 = t49.*t50.*t199.*(1.0./6.0);
t201 = t197+t200;
t202 = lambda.*t49.*t59;
t203 = mu.*t49.*t59;
t204 = t202+t203;
t205 = lambda.*t59.*t62;
t206 = mu.*t59.*t62;
t207 = t205+t206;
t208 = t49.*t50.*t207.*(1.0./6.0);
t209 = mu.*t177;
t210 = mu.*t176;
t211 = mu.*t62.*t73;
t212 = mu.*t62.*t72;
t213 = mu.*t62.*t82;
t214 = mu.*t62.*t81;
t215 = mu.*t49.*t83;
t216 = t43.*(t101+t102+t130+t131).*(1.0./6.0);
t217 = t49.*t50.*(t103+t132-t10.*t64.*t75).*(1.0./6.0);
t218 = t216+t217;
t219 = lambda.*t26.*t75;
t220 = t219-mu.*t10.*t73;
t221 = t43.*t220.*(1.0./6.0);
t222 = lambda.*t9.*t75;
t223 = t222-mu.*t10.*t72;
t224 = t49.*t50.*t223.*(1.0./6.0);
t225 = t221+t224;
t226 = lambda.*t51.*t75;
t227 = t226-mu.*t10.*t78;
t228 = lambda.*t5.*t75;
t229 = t228-mu.*t10.*t70;
t230 = t43.*t227.*(-1.0./6.0)-t49.*t50.*t229.*(1.0./6.0);
t231 = t178+t211;
t232 = t179+t212-t49.*t64.*t75;
t233 = t43.*t231.*(-1.0./6.0)-t49.*t50.*t232.*(1.0./6.0);
t234 = lambda.*t62.*t75;
t235 = t234-mu.*t49.*t72;
t236 = mu.*t43.*t49.*t73.*(1.0./6.0);
t237 = t236-t49.*t50.*t235.*(1.0./6.0);
t238 = lambda.*t59.*t75;
t239 = t238-mu.*t49.*t70;
t240 = t49.*t50.*t239.*(1.0./6.0);
t241 = t240-mu.*t43.*t49.*t78.*(1.0./6.0);
t242 = t3-t53-t58+t68+t69-t79;
t243 = t7-t45-t61+t66+t71-t76;
t244 = lambda.*t10.*t73;
t245 = t244-mu.*t26.*t75;
t246 = lambda.*t10.*t72;
t247 = t246-mu.*t9.*t75;
t248 = t43.*t245.*(-1.0./6.0)-t49.*t50.*t247.*(1.0./6.0);
t249 = t26.*t64.*t72;
t250 = t9.*t64.*t73;
t251 = t43.*(t101+t102+t249+t250).*(1.0./6.0);
t252 = t9.*t64.*t72;
t312 = mu.*t10.*t75;
t253 = t49.*t50.*(t103+t252-t312).*(1.0./6.0);
t254 = t251+t253;
t255 = lambda.*t5.*t73;
t256 = mu.*t9.*t78;
t257 = lambda.*t51.*t72;
t258 = mu.*t26.*t70;
t259 = t255+t256+t257+t258;
t260 = lambda.*t5.*t72;
t261 = mu.*t9.*t70;
t262 = t260+t261;
t263 = t43.*t259.*(-1.0./6.0)-t49.*t50.*t262.*(1.0./6.0);
t264 = lambda.*t49.*t72;
t265 = t49.*t50.*(t264-mu.*t62.*t75).*(1.0./6.0);
t266 = lambda.*t43.*t49.*t73.*(1.0./6.0);
t267 = t265+t266;
t268 = t62.*t64.*t73;
t269 = t178+t268;
t270 = t62.*t64.*t72;
t327 = mu.*t49.*t75;
t271 = t179+t270-t327;
t272 = t43.*t269.*(-1.0./6.0)-t49.*t50.*t271.*(1.0./6.0);
t273 = lambda.*t59.*t73;
t274 = mu.*t62.*t78;
t275 = t273+t274;
t276 = t43.*t275.*(1.0./6.0);
t277 = lambda.*t59.*t72;
t278 = mu.*t62.*t70;
t279 = t49.*t50.*(t277+t278).*(1.0./6.0);
t280 = t276+t279;
t281 = lambda.*t73.*t75;
t282 = mu.*t73.*t75;
t283 = t281+t282;
t284 = lambda.*t72.*t75;
t285 = mu.*t72.*t75;
t286 = t284+t285;
t287 = t43.*t283.*(-1.0./6.0)-t49.*t50.*t286.*(1.0./6.0);
t288 = mu.*t70.*t78.*2.0;
t289 = t3-t53-t58+t68+t69-t79;
t290 = t75.^2;
t291 = t7-t45-t61+t66+t71-t76;
t292 = mu.*t70.*t84;
t293 = mu.*t70.*t80;
t294 = lambda.*t10.*t78;
t295 = t294-mu.*t51.*t75;
t296 = t43.*t295.*(1.0./6.0);
t297 = lambda.*t10.*t70;
t298 = t49.*t50.*(t297-mu.*t5.*t75).*(1.0./6.0);
t299 = t296+t298;
t300 = lambda.*t26.*t70;
t301 = mu.*t5.*t73;
t302 = lambda.*t9.*t78;
t303 = mu.*t51.*t72;
t304 = t300+t301+t302+t303;
t305 = lambda.*t9.*t70;
t306 = mu.*t5.*t72;
t307 = t305+t306;
t308 = t43.*t304.*(-1.0./6.0)-t49.*t50.*t307.*(1.0./6.0);
t309 = t51.*t64.*t70;
t310 = t5.*t64.*t78;
t311 = t43.*(t130+t131+t309+t310).*(1.0./6.0);
t313 = t5.*t64.*t70;
t314 = lambda.*t49.*t70;
t315 = t314-mu.*t59.*t75;
t316 = t49.*t50.*t315.*(-1.0./6.0)-lambda.*t43.*t49.*t78.*(1.0./6.0);
t317 = mu.*t59.*t73;
t318 = lambda.*t62.*t78;
