function der_st_dx1 = der_stima_dx1(lambda,mu,V)
%DER_STIMA_DX1
%    DER_ST_DX1 = DER_STIMA_DX1(LAMBDA,MU,X1,X2,X3,X4,Y1,Y2,Y3,Y4,Z1,Z2,Z3,Z4)

%    This function was generated by the Symbolic Math Toolbox version 5.8.
%    02-Jun-2015 16:09:17
x1=V(1,1);
y1=V(1,2);
z1=V(1,3);

x2=V(2,1);
y2=V(2,2);
z2=V(2,3);

x3=V(3,1);
y3=V(3,2);
z3=V(3,3);

x4=V(4,1);
y4=V(4,2);
z4=V(4,3);

t31 = x2.*y3;
t32 = x3.*y2;
t33 = x2.*y4;
t34 = x4.*y2;
t35 = x3.*y4;
t36 = x4.*y3;
t2 = t31-t32-t33+t34+t35-t36;
t11 = x2.*z3;
t12 = x3.*z2;
t13 = x2.*z4;
t14 = x4.*z2;
t15 = x3.*z4;
t16 = x4.*z3;
t3 = t11-t12-t13+t14+t15-t16;
t5 = y2.*z3;
t6 = y3.*z2;
t7 = y2.*z4;
t8 = y4.*z2;
t9 = y3.*z4;
t10 = y4.*z3;
t4 = t5-t6-t7+t8+t9-t10;
t17 = x1.*y2.*z3;
t18 = x2.*y3.*z1;
t19 = x3.*y1.*z2;
t20 = x1.*y4.*z2;
t21 = x2.*y1.*z4;
t22 = x4.*y2.*z1;
t23 = x1.*y3.*z4;
t24 = x3.*y4.*z1;
t25 = x4.*y1.*z3;
t26 = x2.*y4.*z3;
t27 = x3.*y2.*z4;
t28 = x4.*y3.*z2;
t37 = x1.*y3.*z2;
t38 = x2.*y1.*z3;
t39 = x3.*y2.*z1;
t40 = x1.*y2.*z4;
t41 = x2.*y4.*z1;
t42 = x4.*y1.*z2;
t43 = x1.*y4.*z3;
t44 = x3.*y1.*z4;
t45 = x4.*y3.*z1;
t46 = x2.*y3.*z4;
t47 = x3.*y4.*z2;
t48 = x4.*y2.*z3;
t29 = t17+t18+t19+t20+t21+t22+t23+t24+t25+t26+t27+t28-t37-t38-t39-t40-t41-t42-t43-t44-t45-t46-t47-t48;
t30 = 1.0./t29.^2;
t49 = mu.*2.0;
t50 = lambda+t49;
t51 = x1.*z3;
t52 = x4.*z1;
t66 = x1.*z4;
t79 = x3.*z1;
t53 = t15-t16+t51+t52-t66-t79;
t54 = y1.*z3;
t55 = y4.*z1;
t62 = y3.*z1;
t63 = y1.*z4;
t56 = t9-t10+t54+t55-t62-t63;
t57 = z3-z4;
t58 = 1.0./t29;
t59 = x1.*y3;
t60 = x4.*y1;
t65 = x1.*y4;
t77 = x3.*y1;
t61 = t35-t36+t59+t60-t65-t77;
t64 = y3-y4;
t67 = x1.*z2;
t78 = x2.*z1;
t68 = t13-t14+t52-t66+t67-t78;
t69 = y1.*z2;
t74 = y2.*z1;
t70 = t7-t8+t55-t63+t69-t74;
t71 = z2-z4;
t72 = x1.*y2;
t76 = x2.*y1;
t73 = t33-t34+t60-t65+t72-t76;
t75 = y2-y4;
t80 = t11-t12-t51+t67-t78+t79;
t81 = t5-t6-t54+t62+t69-t74;
t82 = z2-z3;
t83 = t31-t32-t59+t72-t76+t77;
t84 = y2-y3;
t85 = lambda.*t3.*t4;
t86 = mu.*t3.*t4;
t87 = t85+t86;
t88 = t2.^2;
t89 = mu.*t88;
t90 = t4.^2;
t91 = t3.^2;
t92 = mu.*t2.*t64;
t93 = mu.*t2.*t61;
t94 = mu.*t2.*t75;
t95 = mu.*t2.*t73;
t96 = mu.*t2.*t84;
t97 = mu.*t2.*t83;
t98 = lambda.*t2.*t4;
t99 = mu.*t2.*t4;
t100 = t98+t99;
t101 = t4.*t30.*t100.*(1.0./6.0);
t102 = lambda.*t2.*t3;
t103 = mu.*t2.*t3;
t104 = t102+t103;
t105 = mu.*t91;
t106 = mu.*t90;
t107 = mu.*t3.*t57;
t108 = mu.*t3.*t53;
t109 = mu.*t4.*t56;
t110 = mu.*t3.*t71;
t111 = mu.*t3.*t68;
t112 = mu.*t4.*t70;
t113 = mu.*t3.*t82;
t114 = mu.*t3.*t80;
t115 = mu.*t4.*t81;
t116 = t92+t107;
t117 = t58.*t116.*(1.0./6.0);
t118 = t4.*t50.*t56;
t119 = t93+t108+t118;
t120 = t117-t4.*t30.*t119.*(1.0./6.0);
t121 = lambda.*t3.*t56;
t122 = mu.*t4.*t53;
t123 = t121+t122;
t124 = t4.*t30.*t123.*(1.0./6.0);
t125 = t124-mu.*t4.*t57.*t58.*(1.0./6.0);
t126 = lambda.*t2.*t56;
t127 = mu.*t4.*t61;
t128 = t126+t127;
t129 = mu.*t4.*t58.*t64.*(1.0./6.0);
t130 = t129-t4.*t30.*t128.*(1.0./6.0);
t131 = lambda.*t4.*t53;
t132 = mu.*t3.*t56;
t133 = t131+t132;
t134 = t4.*t30.*t133.*(1.0./6.0);
t135 = t134-lambda.*t4.*t57.*t58.*(1.0./6.0);
t136 = t3.*t50.*t57;
t137 = t92+t136;
t138 = t58.*t137.*(1.0./6.0);
t139 = t3.*t50.*t53;
t140 = t93+t109+t139;
t141 = t138-t4.*t30.*t140.*(1.0./6.0);
t142 = lambda.*t2.*t57;
t143 = mu.*t3.*t64;
t144 = t142+t143;
t145 = lambda.*t2.*t53;
t146 = mu.*t3.*t61;
t147 = t145+t146;
t148 = t4.*t30.*t147.*(1.0./6.0);
t149 = t148-t58.*t144.*(1.0./6.0);
t150 = lambda.*t56.*t57;
t151 = mu.*t56.*t57;
t152 = t150+t151;
t153 = t58.*t152.*(1.0./6.0);
t154 = lambda.*t53.*t56;
t155 = mu.*t53.*t56;
t156 = t154+t155;
t157 = t153-t4.*t30.*t156.*(1.0./6.0);
t158 = mu.*t61.*t64.*2.0;
t159 = t61.^2;
t160 = mu.*t159;
t161 = t56.^2;
t162 = t53.^2;
t163 = mu.*t64.*t73;
t164 = mu.*t61.*t75;
t165 = mu.*t61.*t73;
t166 = mu.*t64.*t83;
t167 = mu.*t61.*t84;
t168 = mu.*t61.*t83;
t169 = lambda.*t4.*t61;
t170 = mu.*t2.*t56;
t171 = t169+t170;
t172 = lambda.*t4.*t58.*t64.*(1.0./6.0);
t173 = t172-t4.*t30.*t171.*(1.0./6.0);
t174 = mu.*t2.*t57;
t175 = lambda.*t3.*t64;
t176 = t174+t175;
t177 = lambda.*t3.*t61;
t178 = mu.*t2.*t53;
t179 = t177+t178;
t180 = t4.*t30.*t179.*(1.0./6.0);
t181 = t180-t58.*t176.*(1.0./6.0);
t182 = t2.*t50.*t64;
t183 = t107+t182;
t184 = t58.*t183.*(1.0./6.0);
t185 = t2.*t50.*t61;
t186 = t108+t109+t185;
t187 = t184-t4.*t30.*t186.*(1.0./6.0);
t188 = lambda.*t56.*t64;
t189 = mu.*t56.*t64;
t190 = t188+t189;
t191 = lambda.*t56.*t61;
t192 = mu.*t56.*t61;
t193 = t191+t192;
t194 = t4.*t30.*t193.*(1.0./6.0);
t195 = t194-t58.*t190.*(1.0./6.0);
t196 = lambda.*t57.*t61;
t197 = mu.*t57.*t61;
t198 = lambda.*t53.*t64;
t199 = mu.*t53.*t64;
t200 = t196+t197+t198+t199;
t201 = t58.*t200.*(1.0./6.0);
t202 = lambda.*t53.*t61;
t203 = mu.*t53.*t61;
t204 = t202+t203;
t205 = t201-t4.*t30.*t204.*(1.0./6.0);
t206 = mu.*t53.*t57.*2.0;
t207 = mu.*t162;
t208 = mu.*t161;
t209 = mu.*t57.*t68;
t210 = mu.*t53.*t71;
t211 = mu.*t53.*t68;
t212 = mu.*t56.*t70;
t213 = mu.*t57.*t80;
t214 = mu.*t53.*t82;
t215 = mu.*t53.*t80;
t216 = mu.*t56.*t81;
t217 = t94+t110;
t218 = t4.*t50.*t70;
t219 = t95+t111+t218;
t220 = t4.*t30.*t219.*(1.0./6.0);
t221 = t220-t58.*t217.*(1.0./6.0);
t222 = lambda.*t3.*t70;
t223 = mu.*t4.*t68;
t224 = t222+t223;
t225 = mu.*t4.*t58.*t71.*(1.0./6.0);
t226 = t225-t4.*t30.*t224.*(1.0./6.0);
t227 = lambda.*t2.*t70;
t228 = mu.*t4.*t73;
t229 = t227+t228;
t230 = t4.*t30.*t229.*(1.0./6.0);
t231 = t230-mu.*t4.*t58.*t75.*(1.0./6.0);
t232 = t163+t164+t209+t210;
t233 = t58.*t232.*(1.0./6.0);
t234 = t50.*t56.*t70;
t235 = t165+t211+t234;
t236 = t233-t4.*t30.*t235.*(1.0./6.0);
t237 = lambda.*t57.*t70;
t238 = mu.*t56.*t71;
t239 = t237+t238;
t240 = lambda.*t53.*t70;
t241 = mu.*t56.*t68;
t242 = t240+t241;
t243 = t4.*t30.*t242.*(1.0./6.0);
t244 = t243-t58.*t239.*(1.0./6.0);
t245 = lambda.*t64.*t70;
t246 = mu.*t56.*t75;
t247 = t245+t246;
t248 = t58.*t247.*(1.0./6.0);
t249 = lambda.*t61.*t70;
t250 = mu.*t56.*t73;
t251 = t249+t250;
t252 = t248-t4.*t30.*t251.*(1.0./6.0);
t253 = lambda.*t4.*t68;
t254 = mu.*t3.*t70;
t255 = t253+t254;
t256 = lambda.*t4.*t58.*t71.*(1.0./6.0);
t257 = t256-t4.*t30.*t255.*(1.0./6.0);
t258 = t3.*t50.*t71;
t259 = t94+t258;
t260 = t3.*t50.*t68;
t261 = t95+t112+t260;
t262 = t4.*t30.*t261.*(1.0./6.0);
t263 = t262-t58.*t259.*(1.0./6.0);
t264 = lambda.*t2.*t71;
t265 = mu.*t3.*t75;
t266 = t264+t265;
t267 = t58.*t266.*(1.0./6.0);
t268 = lambda.*t2.*t68;
t269 = mu.*t3.*t73;
t270 = t268+t269;
t271 = t267-t4.*t30.*t270.*(1.0./6.0);
t272 = lambda.*t56.*t71;
t273 = mu.*t57.*t70;
t274 = t272+t273;
t275 = lambda.*t56.*t68;
t276 = mu.*t53.*t70;
t277 = t275+t276;
t278 = t4.*t30.*t277.*(1.0./6.0);
t279 = t278-t58.*t274.*(1.0./6.0);
t280 = t50.*t57.*t68;
t281 = t50.*t53.*t71;
t282 = t163+t164+t280+t281;
t283 = t58.*t282.*(1.0./6.0);
t284 = t50.*t53.*t68;
t285 = t165+t212+t284;
t286 = t283-t4.*t30.*t285.*(1.0./6.0);
t287 = lambda.*t61.*t71;
t288 = mu.*t57.*t73;
t289 = lambda.*t64.*t68;
t290 = mu.*t53.*t75;
t291 = t287+t288+t289+t290;
t292 = lambda.*t61.*t68;
t293 = mu.*t53.*t73;
t294 = t292+t293;
t295 = t4.*t30.*t294.*(1.0./6.0);
t296 = t295-t58.*t291.*(1.0./6.0);
t297 = lambda.*t70.*t71;
t298 = mu.*t70.*t71;
t299 = t297+t298;
t300 = t58.*t299.*(1.0./6.0);
t301 = lambda.*t68.*t70;
t302 = mu.*t68.*t70;
t303 = t301+t302;
t304 = t300-t4.*t30.*t303.*(1.0./6.0);
t305 = mu.*t73.*t75.*2.0;
t306 = t73.^2;
t307 = mu.*t306;
t308 = t70.^2;
t309 = t68.^2;
t310 = mu.*t75.*t83;
t311 = mu.*t73.*t84;
t312 = mu.*t73.*t83;
t313 = lambda.*t4.*t73;
t314 = mu.*t2.*t70;
t315 = t313+t314;
t316 = t4.*t30.*t315.*(1.0./6.0);
t317 = t316-lambda.*t4.*t58.*t75.*(1.0./6.0);
t318 = mu.*t2.*t71;
t319 = lambda.*t3.*t75;
t320 = t318+t319;
t321 = t58.*t320.*(1.0./6.0);
t322 = lambda.*t3.*t73;
t323 = mu.*t2.*t68;
t324 = t322+t323;
t325 = t321-t4.*t30.*t324.*(1.0./6.0);
t326 = t2.*t50.*t75;
t327 = t110+t326;
t328 = t2.*t50.*t73;
t329 = t111+t112+t328;
t330 = t4.*t30.*t329.*(1.0./6.0);
t331 = t330-t58.*t327.*(1.0./6.0);
t332 = lambda.*t56.*t75;
t333 = mu.*t64.*t70;
t334 = t332+t333;
t335 = t58.*t334.*(1.0./6.0);
t336 = lambda.*t56.*t73;
