function der_st_dy3 = der_stima_dy3(lambda,mu,V)
%DER_STIMA_DY3
%    DER_ST_DY3 = DER_STIMA_DY3(LAMBDA,MU,X1,X2,X3,X4,Y1,Y2,Y3,Y4,Z1,Z2,Z3,Z4)

%    This function was generated by the Symbolic Math Toolbox version 5.8.
%    02-Jun-2015 16:32:10
x1=V(1,1);
y1=V(1,2);
z1=V(1,3);

x2=V(2,1);
y2=V(2,2);
z2=V(2,3);

x3=V(3,1);
y3=V(3,2);
z3=V(3,3);

x4=V(4,1);
y4=V(4,2);
z4=V(4,3);

t2 = x2.*y3;
t3 = x4.*y2;
t4 = x3.*y4;
t53 = x3.*y2;
t54 = x2.*y4;
t55 = x4.*y3;
t5 = t2+t3+t4-t53-t54-t55;
t13 = x2.*z4;
t14 = x4.*z2;
t29 = x2.*z3;
t30 = x3.*z2;
t31 = x3.*z4;
t32 = x4.*z3;
t6 = -t13+t14+t29-t30+t31-t32;
t7 = mu.*2.0;
t8 = lambda+t7;
t9 = y2.*z3;
t10 = y4.*z2;
t11 = y3.*z4;
t46 = y3.*z2;
t47 = y2.*z4;
t48 = y4.*z3;
t12 = t9+t10+t11-t46-t47-t48;
t15 = x1.*y2.*z3;
t16 = x2.*y3.*z1;
t17 = x3.*y1.*z2;
t18 = x1.*y4.*z2;
t19 = x2.*y1.*z4;
t20 = x4.*y2.*z1;
t21 = x1.*y3.*z4;
t22 = x3.*y4.*z1;
t23 = x4.*y1.*z3;
t24 = x2.*y4.*z3;
t25 = x3.*y2.*z4;
t26 = x4.*y3.*z2;
t33 = x1.*y3.*z2;
t34 = x2.*y1.*z3;
t35 = x3.*y2.*z1;
t36 = x1.*y2.*z4;
t37 = x2.*y4.*z1;
t38 = x4.*y1.*z2;
t39 = x1.*y4.*z3;
t40 = x3.*y1.*z4;
t41 = x4.*y3.*z1;
t42 = x2.*y3.*z4;
t43 = x3.*y4.*z2;
t44 = x4.*y2.*z3;
t27 = t15+t16+t17+t18+t19+t20+t21+t22+t23+t24+t25+t26-t33-t34-t35-t36-t37-t38-t39-t40-t41-t42-t43-t44;
t28 = z2-z4;
t45 = 1.0./t27;
t49 = x1.*z2;
t50 = x4.*z1;
t57 = x2.*z1;
t58 = x1.*z4;
t51 = t13-t14+t49+t50-t57-t58;
t52 = 1.0./t27.^2;
t56 = x2-x4;
t59 = x1.*y3;
t60 = x4.*y1;
t71 = x3.*y1;
t72 = x1.*y4;
t61 = t4-t55+t59+t60-t71-t72;
t62 = y1.*z3;
t63 = y4.*z1;
t69 = y3.*z1;
t70 = y1.*z4;
t64 = t11-t48+t62+t63-t69-t70;
t65 = x1.*z3;
t68 = x3.*z1;
t66 = t31-t32+t50-t58+t65-t68;
t67 = z1-z4;
t73 = x1-x4;
t74 = x2.*y1;
t79 = x1.*y2;
t75 = t3-t54-t60+t72+t74-t79;
t76 = y2.*z1;
t78 = y1.*z2;
t77 = t10-t47-t63+t70+t76-t78;
t80 = t2-t53-t59+t71-t74+t79;
t81 = t9-t46-t62+t69-t76+t78;
t82 = t29-t30+t49-t57-t65+t68;
t83 = z1-z2;
t84 = x1-x2;
t85 = lambda.*t6.*t28;
t86 = mu.*t6.*t28;
t87 = t85+t86;
t88 = lambda.*t6.*t12;
t89 = mu.*t6.*t12;
t90 = t88+t89;
t91 = t51.*t52.*t90.*(1.0./6.0);
t92 = t91-t45.*t87.*(1.0./6.0);
t93 = mu.*t5.*t56.*2.0;
t94 = t5.^2;
t95 = mu.*t94;
t96 = t12.^2;
t97 = t6.^2;
t98 = mu.*t56.*t61;
t99 = mu.*t5.*t73;
t100 = mu.*t5.*t61;
t101 = mu.*t56.*t75;
t102 = mu.*t5.*t75;
t103 = mu.*t5.*t84;
t104 = mu.*t5.*t80;
t105 = lambda.*t5.*t28;
t106 = mu.*t5.*t28;
t107 = t105+t106-lambda.*t12.*t56-mu.*t12.*t56;
t108 = t45.*t107.*(1.0./6.0);
t109 = lambda.*t5.*t12;
t110 = mu.*t5.*t12;
t111 = t109+t110;
t112 = t108-t51.*t52.*t111.*(1.0./6.0);
t113 = lambda.*t6.*t56;
t114 = mu.*t6.*t56;
t115 = t113+t114;
t116 = t45.*t115.*(1.0./6.0);
t117 = lambda.*t5.*t6;
t118 = mu.*t5.*t6;
t119 = t117+t118;
t120 = t51.*t52.*t119.*(1.0./6.0);
t121 = t116+t120;
t122 = mu.*t97;
t123 = mu.*t96;
t124 = mu.*t6.*t66;
t125 = mu.*t12.*t64;
t126 = mu.*t12.*t77;
t127 = mu.*t28.*t81;
t128 = mu.*t6.*t82;
t129 = mu.*t12.*t81;
t130 = t98+t99-t8.*t12.*t67-t8.*t28.*t64;
t131 = t45.*t130.*(1.0./6.0);
t132 = t8.*t12.*t64;
t133 = t100+t124+t132;
t134 = t51.*t52.*t133.*(1.0./6.0);
t135 = t131+t134;
t136 = lambda.*t6.*t67;
t137 = mu.*t28.*t66;
t138 = t136+t137;
t139 = t45.*t138.*(1.0./6.0);
t140 = lambda.*t6.*t64;
t141 = mu.*t12.*t66;
t142 = t140+t141;
t143 = t139-t51.*t52.*t142.*(1.0./6.0);
t144 = lambda.*t5.*t67;
t145 = mu.*t28.*t61;
t146 = t144+t145-lambda.*t56.*t64-mu.*t12.*t73;
t147 = lambda.*t5.*t64;
t148 = mu.*t12.*t61;
t149 = t147+t148;
t150 = t51.*t52.*t149.*(1.0./6.0);
t151 = t150-t45.*t146.*(1.0./6.0);
t152 = lambda.*t28.*t66;
t153 = mu.*t6.*t67;
t154 = t152+t153;
t155 = t45.*t154.*(1.0./6.0);
t156 = lambda.*t12.*t66;
t157 = mu.*t6.*t64;
t158 = t156+t157;
t159 = t155-t51.*t52.*t158.*(1.0./6.0);
t160 = mu.*t28.*t64;
t161 = mu.*t12.*t67;
t162 = t6.*t8.*t66;
t163 = t100+t125+t162;
t164 = t51.*t52.*t163.*(1.0./6.0);
t165 = lambda.*t56.*t66;
t166 = mu.*t6.*t73;
t167 = t165+t166;
t168 = lambda.*t5.*t66;
t169 = mu.*t6.*t61;
t170 = t168+t169;
t171 = t45.*t167.*(-1.0./6.0)-t51.*t52.*t170.*(1.0./6.0);
t172 = lambda.*t66.*t67;
t173 = mu.*t66.*t67;
t174 = t172+t173;
t175 = lambda.*t64.*t66;
t176 = mu.*t64.*t66;
t177 = t175+t176;
t178 = t51.*t52.*t177.*(1.0./6.0);
t179 = t178-t45.*t174.*(1.0./6.0);
t180 = mu.*t61.*t73.*2.0;
t181 = t61.^2;
t182 = mu.*t181;
t183 = t64.^2;
t184 = t66.^2;
t185 = mu.*t61.*t75;
t186 = mu.*t61.*t84;
t187 = mu.*t61.*t80;
t188 = lambda.*t12.*t73;
t189 = mu.*t56.*t64;
t190 = t45.*(t188+t189-lambda.*t28.*t61-mu.*t5.*t67).*(1.0./6.0);
t191 = lambda.*t12.*t61;
t192 = mu.*t5.*t64;
t193 = t191+t192;
t194 = t51.*t52.*t193.*(1.0./6.0);
t195 = t190+t194;
t196 = lambda.*t6.*t73;
t197 = mu.*t56.*t66;
t198 = t196+t197;
t199 = lambda.*t6.*t61;
t200 = mu.*t5.*t66;
t201 = t199+t200;
t202 = t45.*t198.*(-1.0./6.0)-t51.*t52.*t201.*(1.0./6.0);
t203 = t160+t161-t5.*t8.*t73-t8.*t56.*t61;
t204 = t5.*t8.*t61;
t205 = t124+t125+t204;
t206 = t51.*t52.*t205.*(1.0./6.0);
t207 = t206-t45.*t203.*(1.0./6.0);
t208 = lambda.*t61.*t67;
t209 = mu.*t61.*t67;
t210 = t208+t209-lambda.*t64.*t73-mu.*t64.*t73;
t211 = t45.*t210.*(1.0./6.0);
t212 = lambda.*t61.*t64;
t213 = mu.*t61.*t64;
t214 = t212+t213;
t215 = t211-t51.*t52.*t214.*(1.0./6.0);
t216 = lambda.*t66.*t73;
t217 = mu.*t66.*t73;
t218 = t216+t217;
t219 = t45.*t218.*(1.0./6.0);
t220 = lambda.*t61.*t66;
t221 = mu.*t61.*t66;
t222 = t220+t221;
t223 = t51.*t52.*t222.*(1.0./6.0);
t224 = t219+t223;
t225 = mu.*t184;
t226 = mu.*t183;
t227 = mu.*t64.*t77;
t228 = mu.*t67.*t81;
t229 = mu.*t66.*t82;
t230 = mu.*t64.*t81;
t231 = t8.*t12.*t77;
t305 = mu.*t6.*t51;
t232 = t51.*t52.*(t102+t231-t305).*(1.0./6.0);
t233 = lambda.*t6.*t77;
t234 = t233-mu.*t12.*t51;
t235 = t51.*t52.*t234.*(-1.0./6.0)-mu.*t28.*t45.*t51.*(1.0./6.0);
t236 = lambda.*t56.*(t10-t47-t63+t70+t76-t78);
t237 = t236-mu.*t28.*t75;
t238 = t45.*t237.*(1.0./6.0);
t239 = lambda.*t5.*t77;
t240 = mu.*t12.*t75;
t241 = t51.*t52.*(t239+t240).*(1.0./6.0);
t242 = t238+t241;
t243 = t8.*t67.*(t10-t47-t63+t70+t76-t78);
t277 = mu.*t73.*t75;
t244 = t243-t277;
t245 = t45.*t244.*(1.0./6.0);
t246 = t8.*t64.*t77;
t315 = mu.*t51.*t66;
t247 = t185+t246-t315;
t248 = t245-t51.*t52.*t247.*(1.0./6.0);
t249 = lambda.*t66.*t77;
t250 = t51.*t52.*(t249-mu.*t51.*t64).*(1.0./6.0);
t251 = mu.*t45.*t51.*t67.*(1.0./6.0);
t252 = t250+t251;
t253 = lambda.*t73.*t77;
t254 = t253-mu.*t67.*t75;
t255 = lambda.*t61.*t77;
t256 = mu.*t64.*t75;
t257 = t255+t256;
t258 = t45.*t254.*(-1.0./6.0)-t51.*t52.*t257.*(1.0./6.0);
t259 = t3-t54-t60+t72+t74-t79;
t260 = t10-t47-t63+t70+t76-t78;
t261 = lambda.*t12.*t51;
t262 = t261-mu.*t6.*t77;
t263 = t51.*t52.*t262.*(1.0./6.0);
t264 = t263-lambda.*t28.*t45.*t51.*(1.0./6.0);
t265 = t45.*(t101-mu.*t28.*(t10-t47-t63+t70+t76-t78)).*(1.0./6.0);
t266 = t51.*t52.*(t102+t126-t6.*t8.*t51).*(1.0./6.0);
t267 = t265+t266;
t268 = lambda.*t5.*t51;
t269 = t268-mu.*t6.*t75;
t270 = t51.*t52.*t269.*(1.0./6.0);
t271 = lambda.*t45.*t51.*t56.*(1.0./6.0);
t272 = t270+t271;
t273 = lambda.*t51.*t64;
t274 = t273-mu.*t66.*t77;
t275 = lambda.*t45.*t51.*t67.*(1.0./6.0);
t276 = t275-t51.*t52.*t274.*(1.0./6.0);
t278 = mu.*t67.*(t10-t47-t63+t70+t76-t78);
t279 = t185+t227-t8.*t51.*t66;
t280 = lambda.*t51.*t61;
t281 = t280-mu.*t66.*t75;
t282 = t51.*t52.*t281.*(-1.0./6.0)-lambda.*t45.*t51.*t73.*(1.0./6.0);
t283 = lambda.*t51.*t77;
t284 = mu.*t51.*t77;
t285 = t283+t284;
t286 = t3-t54-t60+t72+t74-t79;
t287 = t10-t47-t63+t70+t76-t78;
t288 = t51.^2;
t289 = mu.*t75.*t84;
t290 = mu.*t75.*t80;
t291 = mu.*t56.*(t10-t47-t63+t70+t76-t78);
t292 = t291-lambda.*t28.*t75;
t293 = t45.*t292.*(1.0./6.0);
t294 = lambda.*t12.*t75;
t295 = mu.*t5.*t77;
t296 = t51.*t52.*(t294+t295).*(1.0./6.0);
t297 = t293+t296;
t298 = lambda.*t6.*t75;
t299 = t298-mu.*t5.*t51;
t300 = mu.*t45.*t51.*t56.*(1.0./6.0);
t301 = t300-t51.*t52.*t299.*(1.0./6.0);
t302 = t8.*t56.*(t3-t54-t60+t72+t74-t79);
t303 = t302-mu.*t28.*t77;
t304 = t45.*t303.*(1.0./6.0);
t306 = t5.*t8.*t75;
t307 = lambda.*t67.*t75;
t308 = lambda.*t64.*t75;
t309 = mu.*t61.*t77;
t310 = t308+t309;
t311 = lambda.*t66.*t75;
