function der_st_dy4 = der_stima_dy4(lambda,mu,V)
%DER_STIMA_DY4
%    DER_ST_DY4 = DER_STIMA_DY4(LAMBDA,MU,X1,X2,X3,X4,Y1,Y2,Y3,Y4,Z1,Z2,Z3,Z4)

%    This function was generated by the Symbolic Math Toolbox version 5.8.
%    02-Jun-2015 16:34:53
x1=V(1,1);
y1=V(1,2);
z1=V(1,3);

x2=V(2,1);
y2=V(2,2);
z2=V(2,3);

x3=V(3,1);
y3=V(3,2);
z3=V(3,3);

x4=V(4,1);
y4=V(4,2);
z4=V(4,3);

t2 = x2.*y3;
t3 = x4.*y2;
t4 = x3.*y4;
t53 = x3.*y2;
t54 = x2.*y4;
t55 = x4.*y3;
t5 = t2+t3+t4-t53-t54-t55;
t13 = x2.*z3;
t14 = x3.*z2;
t29 = x2.*z4;
t30 = x4.*z2;
t31 = x3.*z4;
t32 = x4.*z3;
t6 = t13-t14-t29+t30+t31-t32;
t7 = mu.*2.0;
t8 = lambda+t7;
t9 = y2.*z3;
t10 = y4.*z2;
t11 = y3.*z4;
t46 = y3.*z2;
t47 = y2.*z4;
t48 = y4.*z3;
t12 = t9+t10+t11-t46-t47-t48;
t15 = x1.*y2.*z3;
t16 = x2.*y3.*z1;
t17 = x3.*y1.*z2;
t18 = x1.*y4.*z2;
t19 = x2.*y1.*z4;
t20 = x4.*y2.*z1;
t21 = x1.*y3.*z4;
t22 = x3.*y4.*z1;
t23 = x4.*y1.*z3;
t24 = x2.*y4.*z3;
t25 = x3.*y2.*z4;
t26 = x4.*y3.*z2;
t33 = x1.*y3.*z2;
t34 = x2.*y1.*z3;
t35 = x3.*y2.*z1;
t36 = x1.*y2.*z4;
t37 = x2.*y4.*z1;
t38 = x4.*y1.*z2;
t39 = x1.*y4.*z3;
t40 = x3.*y1.*z4;
t41 = x4.*y3.*z1;
t42 = x2.*y3.*z4;
t43 = x3.*y4.*z2;
t44 = x4.*y2.*z3;
t27 = t15+t16+t17+t18+t19+t20+t21+t22+t23+t24+t25+t26-t33-t34-t35-t36-t37-t38-t39-t40-t41-t42-t43-t44;
t28 = z2-z3;
t45 = 1.0./t27;
t49 = x1.*z2;
t50 = x3.*z1;
t57 = x2.*z1;
t58 = x1.*z3;
t51 = t13-t14+t49+t50-t57-t58;
t52 = 1.0./t27.^2;
t56 = x2-x3;
t59 = x1.*y3;
t60 = x4.*y1;
t71 = x3.*y1;
t72 = x1.*y4;
t61 = t4-t55+t59+t60-t71-t72;
t62 = y1.*z3;
t63 = y4.*z1;
t69 = y3.*z1;
t70 = y1.*z4;
t64 = t11-t48+t62+t63-t69-t70;
t65 = x4.*z1;
t68 = x1.*z4;
t66 = t31-t32-t50+t58+t65-t68;
t67 = z1-z3;
t73 = x1-x3;
t74 = x2.*y1;
t81 = x1.*y2;
t75 = t3-t54-t60+t72+t74-t81;
t76 = y2.*z1;
t80 = y1.*z2;
t77 = t10-t47-t63+t70+t76-t80;
t78 = t29-t30+t49-t57+t65-t68;
t79 = z1-z2;
t82 = x1-x2;
t83 = t2-t53-t59+t71-t74+t81;
t84 = t9-t46-t62+t69-t76+t80;
t85 = lambda.*t6.*t28;
t86 = mu.*t6.*t28;
t87 = t85+t86;
t88 = t45.*t87.*(1.0./6.0);
t89 = lambda.*t6.*t12;
t90 = mu.*t6.*t12;
t91 = t89+t90;
t92 = t88-t51.*t52.*t91.*(1.0./6.0);
t93 = mu.*t5.*t56.*2.0;
t94 = t5.^2;
t95 = mu.*t94;
t96 = t12.^2;
t97 = t6.^2;
t98 = mu.*t56.*t61;
t99 = mu.*t5.*t73;
t100 = mu.*t5.*t61;
t101 = mu.*t5.*t82;
t102 = mu.*t5.*t75;
t103 = mu.*t56.*t83;
t104 = mu.*t5.*t83;
t105 = lambda.*t5.*t28;
t106 = mu.*t5.*t28;
t107 = t105+t106-lambda.*t12.*t56-mu.*t12.*t56;
t108 = lambda.*t5.*t12;
t109 = mu.*t5.*t12;
t110 = t108+t109;
t111 = t51.*t52.*t110.*(1.0./6.0);
t112 = t111-t45.*t107.*(1.0./6.0);
t113 = lambda.*t6.*t56;
t114 = mu.*t6.*t56;
t115 = t113+t114;
t116 = lambda.*t5.*t6;
t117 = mu.*t5.*t6;
t118 = t116+t117;
t119 = t45.*t115.*(-1.0./6.0)-t51.*t52.*t118.*(1.0./6.0);
t120 = mu.*t97;
t121 = mu.*t96;
t122 = mu.*t6.*t66;
t123 = mu.*t12.*t64;
t124 = mu.*t12.*t77;
t125 = mu.*t6.*t51;
t126 = mu.*t12.*t84;
t127 = t98+t99-t8.*t12.*t67-t8.*t28.*t64;
t128 = t8.*t12.*t64;
t129 = t100+t122+t128;
t130 = t45.*t127.*(-1.0./6.0)-t51.*t52.*t129.*(1.0./6.0);
t131 = lambda.*t6.*t67;
t132 = mu.*t28.*t66;
t133 = t131+t132;
t134 = lambda.*t6.*t64;
t135 = mu.*t12.*t66;
t136 = t134+t135;
t137 = t51.*t52.*t136.*(1.0./6.0);
t138 = t137-t45.*t133.*(1.0./6.0);
t139 = lambda.*t5.*t67;
t140 = mu.*t28.*t61;
t141 = t139+t140-lambda.*t56.*t64-mu.*t12.*t73;
t142 = t45.*t141.*(1.0./6.0);
t143 = lambda.*t5.*t64;
t144 = mu.*t12.*t61;
t145 = t143+t144;
t146 = t142-t51.*t52.*t145.*(1.0./6.0);
t147 = lambda.*t28.*t66;
t148 = mu.*t6.*t67;
t149 = t147+t148;
t150 = lambda.*t12.*t66;
t151 = mu.*t6.*t64;
t152 = t150+t151;
t153 = t51.*t52.*t152.*(1.0./6.0);
t154 = t153-t45.*t149.*(1.0./6.0);
t155 = mu.*t28.*t64;
t156 = mu.*t12.*t67;
t157 = t6.*t8.*t66;
t158 = t100+t123+t157;
t159 = lambda.*t56.*t66;
t160 = mu.*t6.*t73;
t161 = t159+t160;
t162 = t45.*t161.*(1.0./6.0);
t163 = lambda.*t5.*t66;
t164 = mu.*t6.*t61;
t165 = t163+t164;
t166 = t51.*t52.*t165.*(1.0./6.0);
t167 = t162+t166;
t168 = lambda.*t66.*t67;
t169 = mu.*t66.*t67;
t170 = t168+t169;
t171 = t45.*t170.*(1.0./6.0);
t172 = lambda.*t64.*t66;
t173 = mu.*t64.*t66;
t174 = t172+t173;
t175 = t171-t51.*t52.*t174.*(1.0./6.0);
t176 = mu.*t61.*t73.*2.0;
t177 = t61.^2;
t178 = mu.*t177;
t179 = t64.^2;
t180 = t66.^2;
t181 = mu.*t61.*t82;
t182 = mu.*t61.*t75;
t183 = mu.*t73.*t83;
t184 = mu.*t61.*t83;
t185 = lambda.*t12.*t73;
t186 = mu.*t56.*t64;
t187 = t185+t186-lambda.*t28.*t61-mu.*t5.*t67;
t188 = lambda.*t12.*t61;
t189 = mu.*t5.*t64;
t190 = t188+t189;
t191 = t45.*t187.*(-1.0./6.0)-t51.*t52.*t190.*(1.0./6.0);
t192 = lambda.*t6.*t73;
t193 = mu.*t56.*t66;
t194 = t192+t193;
t195 = t45.*t194.*(1.0./6.0);
t196 = lambda.*t6.*t61;
t197 = mu.*t5.*t66;
t198 = t196+t197;
t199 = t51.*t52.*t198.*(1.0./6.0);
t200 = t195+t199;
t201 = t155+t156-t5.*t8.*t73-t8.*t56.*t61;
t202 = t45.*t201.*(1.0./6.0);
t203 = t5.*t8.*t61;
t204 = t122+t123+t203;
t205 = t202-t51.*t52.*t204.*(1.0./6.0);
t206 = lambda.*t61.*t67;
t207 = mu.*t61.*t67;
t208 = t206+t207-lambda.*t64.*t73-mu.*t64.*t73;
t209 = lambda.*t61.*t64;
t210 = mu.*t61.*t64;
t211 = t209+t210;
t212 = t51.*t52.*t211.*(1.0./6.0);
t213 = t212-t45.*t208.*(1.0./6.0);
t214 = lambda.*t66.*t73;
t215 = mu.*t66.*t73;
t216 = t214+t215;
t217 = lambda.*t61.*t66;
t218 = mu.*t61.*t66;
t219 = t217+t218;
t220 = t45.*t216.*(-1.0./6.0)-t51.*t52.*t219.*(1.0./6.0);
t221 = mu.*t180;
t222 = mu.*t179;
t223 = mu.*t67.*t77;
t224 = mu.*t64.*t77;
t225 = mu.*t51.*t66;
t226 = mu.*t64.*t84;
t227 = t8.*t12.*t77;
t323 = mu.*t6.*t78;
t228 = t102+t227-t323;
t229 = lambda.*t6.*t79;
t230 = mu.*t28.*t78;
t231 = t229+t230;
t232 = t45.*t231.*(1.0./6.0);
t233 = lambda.*t6.*t77;
t234 = t51.*t52.*(t233-mu.*t12.*t78).*(1.0./6.0);
t235 = t232+t234;
t236 = lambda.*t5.*t79;
t237 = lambda.*t56.*t77;
t238 = t236+t237-mu.*t12.*t82-mu.*t28.*t75;
t239 = lambda.*t5.*t77;
t240 = mu.*t12.*t75;
t241 = t239+t240;
t242 = t45.*t238.*(-1.0./6.0)-t51.*t52.*t241.*(1.0./6.0);
t243 = t8.*t67.*t77;
t287 = mu.*t73.*t75;
t244 = t181+t243-t287-t8.*t64.*t79;
t245 = t8.*t64.*t77;
t342 = mu.*t66.*t78;
t246 = t51.*t52.*(t182+t245-t342).*(1.0./6.0);
t247 = t246-t45.*t244.*(1.0./6.0);
t248 = lambda.*t66.*t79;
t249 = mu.*t67.*t78;
t250 = t248+t249;
t251 = lambda.*t66.*t77;
t252 = t251-mu.*t64.*t78;
t253 = t45.*t250.*(-1.0./6.0)-t51.*t52.*t252.*(1.0./6.0);
t254 = lambda.*t61.*t79;
t255 = lambda.*t73.*(t10-t47-t63+t70+t76-t80);
t256 = t254+t255-mu.*t67.*t75-mu.*t64.*t82;
t257 = t45.*t256.*(1.0./6.0);
t258 = lambda.*t61.*t77;
t259 = mu.*t64.*t75;
t260 = t51.*t52.*(t258+t259).*(1.0./6.0);
t261 = t257+t260;
t262 = t3-t54-t60+t72+t74-t81;
t263 = t10-t47-t63+t70+t76-t80;
t264 = lambda.*t28.*t78;
t265 = mu.*t6.*t79;
t266 = t264+t265;
t267 = t45.*t266.*(1.0./6.0);
t268 = lambda.*t12.*t78;
t269 = t268-mu.*t6.*t77;
t270 = t267-t51.*t52.*t269.*(1.0./6.0);
t271 = mu.*t28.*(t10-t47-t63+t70+t76-t80);
t272 = mu.*t12.*t79;
t273 = t102+t124-t6.*t8.*t78;
t274 = lambda.*t56.*t78;
t275 = mu.*t6.*t82;
t276 = t274+t275;
t277 = lambda.*t5.*t78;
t278 = t277-mu.*t6.*t75;
t279 = t45.*t276.*(-1.0./6.0)-t51.*t52.*t278.*(1.0./6.0);
t280 = lambda.*t67.*t78;
t281 = mu.*t66.*t79;
t282 = t280+t281;
t283 = lambda.*t64.*t78;
t284 = t283-mu.*t66.*t77;
t285 = t51.*t52.*t284.*(1.0./6.0);
t286 = t285-t45.*t282.*(1.0./6.0);
t288 = t51.*t52.*(t182+t224-t8.*t66.*t78).*(1.0./6.0);
t289 = lambda.*t73.*t78;
t290 = mu.*t66.*t82;
t291 = t289+t290;
t292 = t45.*t291.*(1.0./6.0);
t293 = lambda.*t61.*t78;
t294 = t293-mu.*t66.*t75;
t295 = t51.*t52.*t294.*(1.0./6.0);
t296 = t292+t295;
t297 = lambda.*t78.*t79;
t298 = mu.*t78.*t79;
t299 = t297+t298;
t300 = t45.*t299.*(1.0./6.0);
t301 = lambda.*t77.*t78;
t302 = mu.*t77.*t78;
t303 = t51.*t52.*(t301+t302).*(1.0./6.0);
t304 = t300+t303;
t305 = t3-t54-t60+t72+t74-t81;
t306 = t10-t47-t63+t70+t76-t80;
t307 = t78.^2;
t308 = mu.*t82.*t83;
t309 = mu.*t75.*t83;
t310 = lambda.*t28.*t75;
t311 = lambda.*t12.*t82;
t312 = lambda.*t12.*t75;
t313 = mu.*t5.*t77;
t314 = t312+t313;
t315 = lambda.*t6.*t82;
t316 = mu.*t56.*t78;
t317 = t315+t316;
t318 = lambda.*t6.*t75;
t319 = t51.*t52.*(t318-mu.*t5.*t78).*(1.0./6.0);
